<?xml version="1.0"?>
<!DOCTYPE Section SYSTEM "section.dtd">

<Section index="206" thickness="0.062" alignLocked="true">
<Transform dim="0"
 xcoef=" 0 1 0 0 0 0"
 ycoef=" 0 0 1 0 0 0">
<Contour name="d08" hidden="false" closed="true" simplified="true" border="1 1 0" fill="1 0 0.5" mode="9"
 points="4.42816 4.88172,
	4.4401 4.86262,
	4.51171 4.78862,
	4.52842 4.7743,
	4.5332 4.76953,
	4.53797 4.76953,
	4.54275 4.76236,
	4.58094 4.73611,
	4.60004 4.7194,
	4.67643 4.67881,
	4.69552 4.67165,
	4.77191 4.67165,
	4.81011 4.66449,
	4.81966 4.65972,
	4.83875 4.65972,
	4.85785 4.66449,
	4.8674 4.66688,
	4.86979 4.6621,
	4.87933 4.66449,
	4.88888 4.67404,
	4.89366 4.67881,
	4.91275 4.68359,
	4.95095 4.68359,
	4.97005 4.68598,
	4.97959 4.68598,
	5.01779 4.70985,
	5.0536 4.74327,
	5.07031 4.75998,
	5.0894 4.76475,
	5.1085 4.7743,
	5.1276 4.77907,
	5.16579 4.77907,
	5.18489 4.78624,
	5.20399 4.79817,
	5.20876 4.80772,
	5.24457 4.84353,
	5.28276 4.86262,
	5.30186 4.88172,
	5.30663 4.89127,
	5.30663 4.96766,
	5.30663 5.00585,
	5.30663 5.0154,
	5.30186 5.02495,
	5.28276 5.03927,
	5.27799 5.03927,
	5.27321 5.04405,
	5.19683 5.07508,
	5.15863 5.09418,
	5.13953 5.10134,
	5.12044 5.11566,
	5.11566 5.11566,
	5.07747 5.13953,
	5.06792 5.1467,
	5.02973 5.15386,
	4.95334 5.15386,
	4.87695 5.14908,
	4.80056 5.13953,
	4.72417 5.13715,
	4.68598 5.12282,
	4.66688 5.11328,
	4.64778 5.09657,
	4.63823 5.07747,
	4.62868 5.07031,
	4.62391 5.06076,
	4.61914 5.05598,
	4.61675 5.03689,
	4.61675 5.03211,
	4.59765 5.02256,
	4.5881 5.02018,
	4.58333 5.0154,
	4.54513 5.00108,
	4.50694 4.97959,
	4.48784 4.96288,
	4.46874 4.95095,
	4.43532 4.91753,
	4.42816 4.90798,
	4.42816 4.88888,
	4.42816 4.88411,
	"/>
</Transform>

<Transform dim="0"
 xcoef=" 0 1 0 0 0 0"
 ycoef=" 0 0 1 0 0 0">
<Contour name="d10" hidden="false" closed="true" simplified="true" border="0 1 1" fill="0 1 1" mode="9"
 points="6.49349 0.990025,
	6.51741 0.978061,
	6.52938 0.966097,
	6.57723 0.942168,
	6.60116 0.933195,
	6.69687 0.876366,
	6.7208 0.861411,
	6.76866 0.822528,
	6.79259 0.7986,
	6.80156 0.792618,
	6.84044 0.753735,
	6.86437 0.732798,
	6.87633 0.720834,
	6.90026 0.70887,
	6.94513 0.669986,
	6.94812 0.646058,
	6.94513 0.62213,
	6.92419 0.604184,
	6.87633 0.589229,
	6.82848 0.589229,
	6.80455 0.589229,
	6.79259 0.583247,
	6.78361 0.571283,
	6.79259 0.547355,
	6.83745 0.499499,
	6.8554 0.475571,
	6.87933 0.460616,
	6.89129 0.457625,
	6.90325 0.448652,
	6.95111 0.433697,
	6.97504 0.424724,
	6.987 0.424724,
	7.01093 0.415751,
	7.01691 0.415751,
	7.04084 0.400795,
	7.06477 0.391822,
	7.11262 0.358921,
	7.16048 0.332002,
	7.20834 0.314056,
	7.25619 0.305083,
	7.35191 0.275173,
	7.37583 0.263209,
	7.47155 0.242272,
	7.5194 0.239281,
	7.54333 0.23629,
	7.63904 0.203389,
	7.6869 0.218344,
	7.73475 0.218344,
	7.75868 0.221335,
	7.78261 0.23629,
	7.80654 0.242272,
	7.8185 0.248254,
	7.84243 0.251245,
	7.8544 0.263209,
	7.86038 0.269191,
	7.85739 0.317047,
	7.86038 0.340975,
	7.87234 0.349948,
	7.87533 0.373876,
	7.87533 0.38584,
	7.86337 0.409769,
	7.86038 0.421733,
	7.83944 0.439679,
	7.79158 0.463607,
	7.74672 0.496508,
	7.70784 0.538382,
	7.69288 0.559319,
	7.6869 0.571283,
	7.66596 0.595211,
	7.65998 0.619139,
	7.65998 0.714852,
	7.65699 0.73878,
	7.61811 0.774672,
	7.60614 0.783645,
	7.58221 0.792618,
	7.55828 0.807573,
	7.5523 0.813555,
	7.50445 0.810564,
	7.48052 0.804582,
	7.28909 0.801591,
	7.24124 0.801591,
	7.21731 0.801591,
	7.20535 0.801591,
	7.11262 0.843465,
	7.06477 0.852438,
	7.04084 0.852438,
	6.94513 0.879357,
	6.89727 0.882348,
	6.87334 0.885339,
	6.82549 0.903285,
	6.80156 0.912258,
	6.79259 0.921231,
	6.7866 0.945159,
	6.7866 0.993016,
	6.7896 1.00498,
	6.80156 1.01694,
	6.80754 1.02891,
	6.80754 1.07676,
	6.80455 1.10069,
	6.79558 1.12462,
	6.7896 1.1306,
	6.7896 1.13658,
	6.76567 1.15752,
	6.7537 1.16949,
	6.70585 1.19042,
	6.61013 1.18743,
	6.58621 1.18145,
	6.56228 1.16949,
	6.5204 1.12462,
	6.49648 1.07676,
	6.49349 1.02891,
	6.49349 1.00498,
	6.49349 0.993016,
	"/>
</Transform>

<Transform dim="0"
 xcoef=" 0 1 0 0 0 0"
 ycoef=" 0 0 1 0 0 0">
<Contour name="d05" hidden="false" closed="true" simplified="true" border="1 1 0" fill="1 1 0" mode="9"
 points="3.78074 3.51095,
	3.80661 3.48878,
	3.82139 3.47769,
	3.88052 3.4629,
	3.99879 3.45182,
	4.11705 3.45182,
	4.17618 3.44812,
	4.23531 3.42964,
	4.26488 3.42964,
	4.27227 3.43334,
	4.27597 3.44812,
	4.28705 3.4629,
	4.27966 3.49247,
	4.26118 3.51834,
	4.23531 3.54421,
	4.17988 3.57378,
	4.12075 3.59226,
	4.09118 3.60334,
	4.08379 3.60334,
	4.0764 3.61073,
	4.04683 3.61813,
	4.03944 3.62552,
	4.00987 3.6366,
	3.99509 3.644,
	3.96553 3.644,
	3.95074 3.644,
	3.89161 3.61073,
	3.87683 3.60334,
	3.86944 3.59595,
	3.86204 3.59595,
	3.80661 3.5553,
	3.79183 3.54791,
	3.78074 3.53312,
	3.78074 3.51834,
	3.78074 3.51465,
	"/>
<Contour name="d05" hidden="false" closed="true" simplified="true" border="1 1 0" fill="1 1 0" mode="9"
 points="4.49402 3.00094,
	4.51989 2.97507,
	4.55684 2.92333,
	4.56423 2.91594,
	4.56423 2.90854,
	4.57163 2.90115,
	4.58271 2.87159,
	4.5901 2.8568,
	4.5901 2.84941,
	4.5975 2.84202,
	4.5975 2.82724,
	4.56423 2.7718,
	4.56423 2.76441,
	4.55684 2.75702,
	4.56054 2.69789,
	4.57163 2.63876,
	4.57532 2.62397,
	4.5975 2.59441,
	4.60489 2.58702,
	4.61228 2.58702,
	4.62337 2.57593,
	4.63815 2.57223,
	4.64554 2.56484,
	4.70467 2.55006,
	4.7638 2.54636,
	4.79337 2.53897,
	4.91163 2.53528,
	4.97077 2.53158,
	5.00033 2.53528,
	5.0299 2.54636,
	5.14816 2.55006,
	5.26642 2.54636,
	5.38469 2.52049,
	5.41425 2.5094,
	5.42165 2.50201,
	5.45121 2.50201,
	5.46599 2.50201,
	5.49556 2.5168,
	5.51034 2.52049,
	5.52513 2.53158,
	5.53991 2.53528,
	5.5473 2.54267,
	5.56208 2.54636,
	5.59165 2.56484,
	5.6323 2.62028,
	5.64709 2.64984,
	5.64339 2.67941,
	5.6323 2.69419,
	5.60274 2.70897,
	5.58795 2.71637,
	5.53991 2.7755,
	5.48817 2.82354,
	5.43273 2.8568,
	5.41795 2.86789,
	5.40317 2.87159,
	5.39577 2.87898,
	5.3699 2.89007,
	5.35882 2.91963,
	5.35512 2.93441,
	5.32925 2.96028,
	5.32556 2.96768,
	5.31816 2.96768,
	5.26642 3.00463,
	5.24055 3.02311,
	5.18142 3.04159,
	5.15186 3.05637,
	5.13707 3.06007,
	5.12229 3.07116,
	5.09272 3.07855,
	5.08533 3.08594,
	5.0262 3.09703,
	4.99664 3.10811,
	4.87837 3.11551,
	4.84881 3.11551,
	4.78967 3.13029,
	4.77489 3.13768,
	4.65663 3.14138,
	4.62706 3.13768,
	4.5975 3.12659,
	4.5901 3.1192,
	4.56054 3.10811,
	4.53467 3.08964,
	4.51249 3.06007,
	4.49771 3.0342,
	4.49402 3.00463,
	"/>
</Transform>

<Transform dim="0"
 xcoef=" 0 1 0 0 0 0"
 ycoef=" 0 0 1 0 0 0">
<Contour name="d05p34" hidden="false" closed="true" simplified="false" border="1 0 0" fill="1 0 0" mode="-13"
 points="4.60799 2.65657,
	4.62083 2.63859,
	4.60799 2.62061,
	4.61569 2.62061,
	4.62597 2.63602,
	4.63624 2.62061,
	4.64395 2.62061,
	4.6311 2.63859,
	4.64395 2.65657,
	4.63624 2.65657,
	4.62597 2.64116,
	4.61569 2.65657,
	"/>
</Transform>

<Transform dim="0"
 xcoef=" 0 1 0 0 0 0"
 ycoef=" 0 0 1 0 0 0">
<Contour name="d05c33" hidden="false" closed="true" simplified="true" border="1 0 0" fill="0 1 0" mode="9"
 points="3.75704 3.51037,
	3.76518 3.49953,
	3.78686 3.49953,
	3.80855 3.51308,
	3.84108 3.55374,
	3.86005 3.57272,
	3.88174 3.57814,
	3.90071 3.59169,
	3.91427 3.61338,
	3.91969 3.62422,
	3.91969 3.6459,
	3.91969 3.65133,
	3.90884 3.66217,
	3.86547 3.66488,
	3.85463 3.66488,
	3.83294 3.65404,
	3.8221 3.64319,
	3.81668 3.64319,
	3.77602 3.60524,
	3.76247 3.58356,
	3.75704 3.57814,
	3.75704 3.53477,
	3.75704 3.51308,
	"/>
<Contour name="d05cfa33" hidden="false" closed="false" simplified="false" border="0 1 1" fill="0 1 1" mode="-13"
 points="3.91893 3.64071,
	3.89724 3.62987,
	3.80508 3.5621,
	3.77797 3.52415,
	3.7861 3.49704,
	"/>
</Transform>

<Transform dim="0"
 xcoef=" 0 1 0 0 0 0"
 ycoef=" 0 0 1 0 0 0">
<Contour name="d01" hidden="false" closed="true" simplified="true" border="1 0.5 0" fill="1 0.5 0" mode="9"
 points="4.65827 3.35683,
	4.67921 3.33887,
	4.70315 3.32691,
	4.71511 3.31793,
	4.73905 3.30896,
	4.75101 3.30596,
	4.77495 3.28801,
	4.7929 3.27305,
	4.80188 3.26109,
	4.80188 3.24912,
	4.80786 3.23715,
	4.83179 3.21322,
	4.84376 3.20723,
	4.89163 3.20723,
	4.91557 3.2192,
	4.96343 3.22219,
	4.98737 3.22219,
	5.03524 3.23715,
	5.04721 3.24314,
	5.05618 3.26707,
	5.08012 3.28502,
	5.10405 3.29101,
	5.12798 3.29101,
	5.14893 3.30896,
	5.1579 3.31793,
	5.1579 3.3299,
	5.1579 3.33588,
	5.14594 3.34486,
	5.13397 3.34785,
	5.12798 3.35383,
	5.10405 3.35982,
	5.09208 3.36281,
	5.0861 3.36879,
	5.03823 3.37777,
	4.94249 3.38076,
	4.93052 3.38076,
	4.92454 3.38674,
	4.87667 3.39871,
	4.85274 3.40469,
	4.757 3.40769,
	4.70913 3.40769,
	4.68519 3.4017,
	4.66425 3.38674,
	4.65827 3.37478,
	4.65827 3.36281,
	4.65827 3.35982,
	"/>
</Transform>

<Transform dim="0"
 xcoef=" 0 1 0 0 0 0"
 ycoef=" 0 0 1 0 0 0">
<Contour name="d01" hidden="false" closed="true" simplified="true" border="1 0.5 0" fill="1 0.5 0" mode="9"
 points="6.27684 2.90506,
	6.28283 2.89309,
	6.3307 2.86317,
	6.34266 2.85719,
	6.34865 2.85121,
	6.44439 2.8183,
	6.49226 2.80334,
	6.54012 2.80035,
	6.56406 2.79137,
	6.61193 2.76145,
	6.6239 2.74949,
	6.64484 2.73453,
	6.68373 2.68965,
	6.71664 2.64776,
	6.74058 2.62682,
	6.77648 2.58793,
	6.79144 2.56698,
	6.83632 2.5251,
	6.86025 2.51014,
	6.86623 2.50416,
	6.9141 2.4892,
	6.96197 2.4892,
	7.00984 2.48321,
	7.10558 2.48321,
	7.11755 2.4862,
	7.13849 2.50416,
	7.15046 2.51313,
	7.15345 2.51911,
	7.15943 2.51911,
	7.16841 2.52809,
	7.26415 2.52809,
	7.31202 2.52809,
	7.32398 2.53108,
	7.33595 2.54006,
	7.38382 2.55801,
	7.40775 2.56998,
	7.4287 2.59092,
	7.43468 2.60289,
	7.43468 2.61485,
	7.42271 2.63879,
	7.40476 2.66272,
	7.38083 2.68666,
	7.36587 2.70162,
	7.35689 2.72555,
	7.32398 2.77342,
	7.31501 2.78539,
	7.30304 2.78838,
	7.29107 2.80035,
	7.2432 2.83326,
	7.19533 2.87215,
	7.14746 2.90506,
	7.14447 2.95293,
	7.14447 2.97686,
	7.13849 2.98883,
	7.09062 3.02174,
	7.04275 3.0367,
	7.03078 3.03969,
	7.0248 3.04568,
	7.01882 3.04568,
	7.01283 3.05166,
	7.00685 3.05166,
	7.00087 3.05764,
	6.9889 3.05764,
	6.96496 3.0726,
	6.95898 3.0726,
	6.9141 3.10252,
	6.86623 3.12346,
	6.85427 3.12945,
	6.83033 3.13244,
	6.82435 3.13842,
	6.80041 3.1474,
	6.79443 3.15338,
	6.78845 3.15338,
	6.77648 3.16236,
	6.76451 3.16236,
	6.75853 3.16834,
	6.71066 3.17133,
	6.66279 3.18031,
	6.56705 3.17732,
	6.51918 3.17133,
	6.47131 3.15637,
	6.42644 3.12945,
	6.4025 3.11449,
	6.38156 3.09055,
	6.37557 3.08457,
	6.37258 3.0726,
	6.37258 3.06662,
	6.3666 3.06063,
	6.36361 3.04867,
	6.31873 3.00678,
	6.30078 2.98285,
	6.28283 2.9649,
	6.27684 2.95293,
	6.27684 2.90805,
	"/>
</Transform>

<Transform dim="0"
 xcoef=" 0 1 0 0 0 0"
 ycoef=" 0 0 1 0 0 0">
<Contour name="d01c43" hidden="false" closed="true" simplified="true" border="1 0 0" fill="0 1 0" mode="9"
 points="4.59708 3.28987,
	4.60304 3.27398,
	4.609 3.26802,
	4.61099 3.26007,
	4.63681 3.23425,
	4.64873 3.22431,
	4.66463 3.21438,
	4.6686 3.21438,
	4.68449 3.20445,
	4.71628 3.19452,
	4.77985 3.19253,
	4.81164 3.19253,
	4.82753 3.19253,
	4.83548 3.19452,
	4.84144 3.20246,
	4.83945 3.23425,
	4.83945 3.24219,
	4.83349 3.25014,
	4.83349 3.28193,
	4.83349 3.28987,
	4.82753 3.29782,
	4.82356 3.29782,
	4.81561 3.30378,
	4.81164 3.30378,
	4.80369 3.30974,
	4.7878 3.3157,
	4.77985 3.31769,
	4.76396 3.32762,
	4.75999 3.33159,
	4.74409 3.33755,
	4.7282 3.34749,
	4.71231 3.36139,
	4.70436 3.36537,
	4.70039 3.36537,
	4.69244 3.37133,
	4.68847 3.37133,
	4.68052 3.37927,
	4.64873 3.38523,
	4.63284 3.38523,
	4.62887 3.38523,
	4.60106 3.35543,
	4.59708 3.33954,
	4.59708 3.30775,
	4.59708 3.29186,
	"/>
</Transform>

<Transform dim="1"
 xcoef=" 0.01 1 0 0 0 0"
 ycoef=" -0.01 0 1 0 0 0">
<Contour name="d01cfa43" hidden="false" closed="true" simplified="true" border="0 1 0" fill="0 1 0" mode="9"
 points="4.59708 3.28987,
	4.60304 3.27398,
	4.609 3.26802,
	4.61099 3.26007,
	4.63681 3.23425,
	4.64873 3.22431,
	4.66463 3.21438,
	4.6686 3.21438,
	4.68449 3.20445,
	4.71628 3.19452,
	4.77985 3.19253,
	4.81164 3.19253,
	4.82753 3.19253,
	4.83548 3.19452,
	4.84144 3.20246,
	4.83945 3.23425,
	4.83945 3.24219,
	4.83349 3.25014,
	4.83349 3.28193,
	4.83349 3.28987,
	4.82753 3.29782,
	4.82356 3.29782,
	4.81561 3.30378,
	4.81164 3.30378,
	4.80369 3.30974,
	4.7878 3.3157,
	4.77985 3.31769,
	4.76396 3.32762,
	4.75999 3.33159,
	4.74409 3.33755,
	4.7282 3.34749,
	4.71231 3.36139,
	4.70436 3.36537,
	4.70039 3.36537,
	4.69244 3.37133,
	4.68847 3.37133,
	4.68052 3.37927,
	4.64873 3.38523,
	4.63284 3.38523,
	4.62887 3.38523,
	4.60106 3.35543,
	4.59708 3.33954,
	4.59708 3.30775,
	4.59708 3.29186,
	"/>
<Contour name="d01cfa43" hidden="false" closed="false" simplified="false" border="0 1 1" fill="0 1 1" mode="9"
 points="4.66483 3.36977,
	4.69463 3.3201,
	4.74827 3.26845,
	4.80588 3.22475,
	4.83369 3.19892,
	"/>
</Transform>

<Transform dim="0"
 xcoef=" 0 1 0 0 0 0"
 ycoef=" 0 0 1 0 0 0">
<Contour name="d01c45" hidden="false" closed="true" simplified="true" border="1 0 0" fill="0 1 0" mode="9"
 points="6.25791 2.9442,
	6.26586 2.92831,
	6.27778 2.9144,
	6.29367 2.9144,
	6.30956 2.91837,
	6.3195 2.93228,
	6.32148 2.94023,
	6.32744 2.94817,
	6.33142 2.96406,
	6.3334 2.97201,
	6.34135 2.97996,
	6.34135 2.98393,
	6.3632 3.01572,
	6.37512 3.02962,
	6.3791 3.03558,
	6.39499 3.05148,
	6.40492 3.06538,
	6.41287 3.07333,
	6.42876 3.08326,
	6.44466 3.09717,
	6.46055 3.1071,
	6.49234 3.11704,
	6.50624 3.12697,
	6.52213 3.14088,
	6.53604 3.14882,
	6.542 3.15677,
	6.542 3.16472,
	6.52611 3.18061,
	6.51022 3.18657,
	6.47843 3.18657,
	6.44664 3.17664,
	6.43075 3.17068,
	6.39896 3.14882,
	6.38506 3.13492,
	6.38108 3.12896,
	6.36718 3.11306,
	6.35724 3.09916,
	6.34135 3.08724,
	6.32546 3.07134,
	6.31354 3.05744,
	6.30758 3.04353,
	6.30758 3.03558,
	6.29367 3.01969,
	6.27381 2.98989,
	6.26586 2.974,
	6.26189 2.96605,
	6.25791 2.96208,
	6.25791 2.94619,
	"/>
<Contour name="d01cfa45" hidden="false" closed="false" simplified="false" border="0 1 1" fill="0 1 1" mode="9"
 points="6.52624 3.17912,
	6.41896 3.13144,
	6.3395 3.05992,
	6.29976 2.97648,
	6.2799 2.91092,
	"/>
</Transform>

<Transform dim="0"
 xcoef=" 0 1 0 0 0 0"
 ycoef=" 0 0 1 0 0 0">
<Contour name="d01ax40ab2ssvr" hidden="false" closed="true" simplified="false" border="0.5 0 1" fill="0.5 0 1" mode="-13"
 points="5.60238 2.8191,
	5.59643 2.81712,
	5.60238 2.81514,
	5.59841 2.80919,
	5.60436 2.81315,
	5.60635 2.8072,
	5.60833 2.81315,
	5.61428 2.80919,
	5.61031 2.81514,
	5.61626 2.81712,
	5.61031 2.8191,
	5.61428 2.82505,
	5.60833 2.82108,
	5.60635 2.82703,
	5.60436 2.82108,
	5.59841 2.82505,
	"/>
<Contour name="d01ax40ab2ssvr" hidden="false" closed="true" simplified="false" border="0.5 0 1" fill="0.5 0 1" mode="-13"
 points="5.59643 2.85876,
	5.59048 2.85678,
	5.59643 2.85479,
	5.59247 2.84884,
	5.59841 2.85281,
	5.6004 2.84686,
	5.60238 2.85281,
	5.60833 2.84884,
	5.60436 2.85479,
	5.61031 2.85678,
	5.60436 2.85876,
	5.60833 2.86471,
	5.60238 2.86074,
	5.6004 2.86669,
	5.59841 2.86074,
	5.59247 2.86471,
	"/>
<Contour name="d01ax40ab2ssvr" hidden="false" closed="true" simplified="false" border="0.5 0 1" fill="0.5 0 1" mode="-13"
 points="5.55677 2.89445,
	5.55083 2.89247,
	5.55677 2.89048,
	5.55281 2.88454,
	5.55876 2.8885,
	5.56074 2.88255,
	5.56272 2.8885,
	5.56867 2.88454,
	5.56471 2.89048,
	5.57065 2.89247,
	5.56471 2.89445,
	5.56867 2.9004,
	5.56272 2.89643,
	5.56074 2.90238,
	5.55876 2.89643,
	5.55281 2.9004,
	"/>
<Contour name="d01ax40ab2ssvr" hidden="false" closed="true" simplified="false" border="0.5 0 1" fill="0.5 0 1" mode="-13"
 points="5.48539 2.88255,
	5.47944 2.88057,
	5.48539 2.87859,
	5.48143 2.87264,
	5.48738 2.8766,
	5.48936 2.87066,
	5.49134 2.8766,
	5.49729 2.87264,
	5.49332 2.87859,
	5.49927 2.88057,
	5.49332 2.88255,
	5.49729 2.8885,
	5.49134 2.88454,
	5.48936 2.89048,
	5.48738 2.88454,
	5.48143 2.8885,
	"/>
<Contour name="d01ax40ab2ssvr" hidden="false" closed="true" simplified="false" border="0.5 0 1" fill="0.5 0 1" mode="-13"
 points="5.67773 2.86867,
	5.67178 2.86669,
	5.67773 2.86471,
	5.67376 2.85876,
	5.67971 2.86272,
	5.68169 2.85678,
	5.68368 2.86272,
	5.68962 2.85876,
	5.68566 2.86471,
	5.69161 2.86669,
	5.68566 2.86867,
	5.68962 2.87462,
	5.68368 2.87066,
	5.68169 2.8766,
	5.67971 2.87066,
	5.67376 2.87462,
	"/>
<Contour name="d01ax40ab2ssvr" hidden="false" closed="true" simplified="false" border="0.5 0 1" fill="0.5 0 1" mode="-13"
 points="5.69756 2.90635,
	5.69161 2.90436,
	5.69756 2.90238,
	5.69359 2.89643,
	5.69954 2.9004,
	5.70152 2.89445,
	5.7035 2.9004,
	5.70945 2.89643,
	5.70549 2.90238,
	5.71144 2.90436,
	5.70549 2.90635,
	5.70945 2.91229,
	5.7035 2.90833,
	5.70152 2.91428,
	5.69954 2.90833,
	5.69359 2.91229,
	"/>
<Contour name="d01ax40ab2ssvr" hidden="false" closed="true" simplified="false" border="0.5 0 1" fill="0.5 0 1" mode="-13"
 points="5.74118 2.93609,
	5.73523 2.93411,
	5.74118 2.93212,
	5.73721 2.92617,
	5.74316 2.93014,
	5.74514 2.92419,
	5.74713 2.93014,
	5.75307 2.92617,
	5.74911 2.93212,
	5.75506 2.93411,
	5.74911 2.93609,
	5.75307 2.94204,
	5.74713 2.93807,
	5.74514 2.94402,
	5.74316 2.93807,
	5.73721 2.94204,
	"/>
<Contour name="d01ax40ab2ssvr" hidden="false" closed="true" simplified="false" border="0.5 0 1" fill="0.5 0 1" mode="-13"
 points="5.76497 2.97575,
	5.75902 2.97376,
	5.76497 2.97178,
	5.76101 2.96583,
	5.76695 2.9698,
	5.76894 2.96385,
	5.77092 2.9698,
	5.77687 2.96583,
	5.7729 2.97178,
	5.77885 2.97376,
	5.7729 2.97575,
	5.77687 2.98169,
	5.77092 2.97773,
	5.76894 2.98368,
	5.76695 2.97773,
	5.76101 2.98169,
	"/>
<Contour name="d01ax40ab2ssvr" hidden="false" closed="true" simplified="false" border="0.5 0 1" fill="0.5 0 1" mode="-13"
 points="5.65195 2.95393,
	5.646 2.95195,
	5.65195 2.94997,
	5.64798 2.94402,
	5.65393 2.94799,
	5.65592 2.94204,
	5.6579 2.94799,
	5.66385 2.94402,
	5.65988 2.94997,
	5.66583 2.95195,
	5.65988 2.95393,
	5.66385 2.95988,
	5.6579 2.95592,
	5.65592 2.96187,
	5.65393 2.95592,
	5.64798 2.95988,
	"/>
<Contour name="d01ax40ab2ssvr" hidden="false" closed="true" simplified="false" border="0.5 0 1" fill="0.5 0 1" mode="-13"
 points="5.68566 2.98764,
	5.67971 2.98566,
	5.68566 2.98368,
	5.68169 2.97773,
	5.68764 2.98169,
	5.68962 2.97575,
	5.69161 2.98169,
	5.69756 2.97773,
	5.69359 2.98368,
	5.69954 2.98566,
	5.69359 2.98764,
	5.69756 2.99359,
	5.69161 2.98962,
	5.68962 2.99557,
	5.68764 2.98962,
	5.68169 2.99359,
	"/>
<Contour name="d01ax40ab2ssvr" hidden="false" closed="true" simplified="false" border="0.5 0 1" fill="0.5 0 1" mode="-13"
 points="5.57065 2.93807,
	5.56471 2.93609,
	5.57065 2.93411,
	5.56669 2.92816,
	5.57264 2.93212,
	5.57462 2.92617,
	5.5766 2.93212,
	5.58255 2.92816,
	5.57859 2.93411,
	5.58453 2.93609,
	5.57859 2.93807,
	5.58255 2.94402,
	5.5766 2.94005,
	5.57462 2.946,
	5.57264 2.94005,
	5.56669 2.94402,
	"/>
<Contour name="d01ax40ab2ssvr" hidden="false" closed="true" simplified="false" border="0.5 0 1" fill="0.5 0 1" mode="-13"
 points="5.54091 2.97575,
	5.53496 2.97376,
	5.54091 2.97178,
	5.53695 2.96583,
	5.54289 2.9698,
	5.54488 2.96385,
	5.54686 2.9698,
	5.55281 2.96583,
	5.54884 2.97178,
	5.55479 2.97376,
	5.54884 2.97575,
	5.55281 2.98169,
	5.54686 2.97773,
	5.54488 2.98368,
	5.54289 2.97773,
	5.53695 2.98169,
	"/>
<Contour name="d01ax40ab2ssvr" hidden="false" closed="true" simplified="false" border="0.5 0 1" fill="0.5 0 1" mode="-13"
 points="5.50324 2.946,
	5.49729 2.94402,
	5.50324 2.94204,
	5.49927 2.93609,
	5.50522 2.94005,
	5.5072 2.93411,
	5.50919 2.94005,
	5.51514 2.93609,
	5.51117 2.94204,
	5.51712 2.94402,
	5.51117 2.946,
	5.51514 2.95195,
	5.50919 2.94799,
	5.5072 2.95393,
	5.50522 2.94799,
	5.49927 2.95195,
	"/>
<Contour name="d01ax40ab2ssvr" hidden="false" closed="true" simplified="false" border="0.5 0 1" fill="0.5 0 1" mode="-13"
 points="5.47151 2.97575,
	5.46556 2.97376,
	5.47151 2.97178,
	5.46755 2.96583,
	5.4735 2.9698,
	5.47548 2.96385,
	5.47746 2.9698,
	5.48341 2.96583,
	5.47944 2.97178,
	5.48539 2.97376,
	5.47944 2.97575,
	5.48341 2.98169,
	5.47746 2.97773,
	5.47548 2.98368,
	5.4735 2.97773,
	5.46755 2.98169,
	"/>
<Contour name="d01ax40ab2ssvr" hidden="false" closed="true" simplified="false" border="0.5 0 1" fill="0.5 0 1" mode="-13"
 points="5.44177 2.94204,
	5.43582 2.94005,
	5.44177 2.93807,
	5.4378 2.93212,
	5.44375 2.93609,
	5.44574 2.93014,
	5.44772 2.93609,
	5.45367 2.93212,
	5.4497 2.93807,
	5.45565 2.94005,
	5.4497 2.94204,
	5.45367 2.94799,
	5.44772 2.94402,
	5.44574 2.94997,
	5.44375 2.94402,
	5.4378 2.94799,
	"/>
<Contour name="d01ax40ab2ssvr" hidden="false" closed="true" simplified="false" border="0.5 0 1" fill="0.5 0 1" mode="-13"
 points="5.40608 2.99954,
	5.40013 2.99756,
	5.40608 2.99557,
	5.40211 2.98962,
	5.40806 2.99359,
	5.41005 2.98764,
	5.41203 2.99359,
	5.41798 2.98962,
	5.41401 2.99557,
	5.41996 2.99756,
	5.41401 2.99954,
	5.41798 3.00549,
	5.41203 3.00152,
	5.41005 3.00747,
	5.40806 3.00152,
	5.40211 3.00549,
	"/>
<Contour name="d01ax40ab2ssvr" hidden="false" closed="true" simplified="false" border="0.5 0 1" fill="0.5 0 1" mode="-13"
 points="5.34659 2.98566,
	5.34065 2.98368,
	5.34659 2.98169,
	5.34263 2.97575,
	5.34858 2.97971,
	5.35056 2.97376,
	5.35254 2.97971,
	5.35849 2.97575,
	5.35453 2.98169,
	5.36047 2.98368,
	5.35453 2.98566,
	5.35849 2.99161,
	5.35254 2.98764,
	5.35056 2.99359,
	5.34858 2.98764,
	5.34263 2.99161,
	"/>
<Contour name="d01ax40ab2ssvr" hidden="false" closed="true" simplified="false" border="0.5 0 1" fill="0.5 0 1" mode="-13"
 points="5.41401 3.04713,
	5.40806 3.04514,
	5.41401 3.04316,
	5.41005 3.03721,
	5.41599 3.04118,
	5.41798 3.03523,
	5.41996 3.04118,
	5.42591 3.03721,
	5.42194 3.04316,
	5.42789 3.04514,
	5.42194 3.04713,
	5.42591 3.05308,
	5.41996 3.04911,
	5.41798 3.05506,
	5.41599 3.04911,
	5.41005 3.05308,
	"/>
<Contour name="d01ax40ab2ssvr" hidden="false" closed="true" simplified="false" border="0.5 0 1" fill="0.5 0 1" mode="-13"
 points="5.39815 3.09273,
	5.3922 3.09075,
	5.39815 3.08877,
	5.39418 3.08282,
	5.40013 3.08678,
	5.40211 3.08083,
	5.4041 3.08678,
	5.41005 3.08282,
	5.40608 3.08877,
	5.41203 3.09075,
	5.40608 3.09273,
	5.41005 3.09868,
	5.4041 3.09471,
	5.40211 3.10066,
	5.40013 3.09471,
	5.39418 3.09868,
	"/>
<Contour name="d01ax40ab2ssvr" hidden="false" closed="true" simplified="false" border="0.5 0 1" fill="0.5 0 1" mode="-13"
 points="5.35849 3.17006,
	5.35254 3.16808,
	5.35849 3.1661,
	5.35453 3.16015,
	5.36047 3.16411,
	5.36246 3.15817,
	5.36444 3.16411,
	5.37039 3.16015,
	5.36642 3.1661,
	5.37237 3.16808,
	5.36642 3.17006,
	5.37039 3.17601,
	5.36444 3.17204,
	5.36246 3.17799,
	5.36047 3.17204,
	5.35453 3.17601,
	"/>
<Contour name="d01ax40ab2ssvr" hidden="false" closed="true" simplified="false" border="0.5 0 1" fill="0.5 0 1" mode="-13"
 points="5.41005 3.21368,
	5.4041 3.2117,
	5.41005 3.20972,
	5.40608 3.20377,
	5.41203 3.20774,
	5.41401 3.20179,
	5.41599 3.20774,
	5.42194 3.20377,
	5.41798 3.20972,
	5.42393 3.2117,
	5.41798 3.21368,
	5.42194 3.21963,
	5.41599 3.21567,
	5.41401 3.22162,
	5.41203 3.21567,
	5.40608 3.21963,
	"/>
<Contour name="d01ax40ab2ssvr" hidden="false" closed="true" simplified="false" border="0.5 0 1" fill="0.5 0 1" mode="-13"
 points="5.50919 3.05902,
	5.50324 3.05704,
	5.50919 3.05506,
	5.50522 3.04911,
	5.51117 3.05308,
	5.51315 3.04713,
	5.51514 3.05308,
	5.52108 3.04911,
	5.51712 3.05506,
	5.52307 3.05704,
	5.51712 3.05902,
	5.52108 3.06497,
	5.51514 3.06101,
	5.51315 3.06696,
	5.51117 3.06101,
	5.50522 3.06497,
	"/>
<Contour name="d01ax40ab2ssvr" hidden="false" closed="true" simplified="false" border="0.5 0 1" fill="0.5 0 1" mode="-13"
 points="5.55876 3.06696,
	5.55281 3.06497,
	5.55876 3.06299,
	5.55479 3.05704,
	5.56074 3.06101,
	5.56272 3.05506,
	5.56471 3.06101,
	5.57065 3.05704,
	5.56669 3.06299,
	5.57264 3.06497,
	5.56669 3.06696,
	5.57065 3.0729,
	5.56471 3.06894,
	5.56272 3.07489,
	5.56074 3.06894,
	5.55479 3.0729,
	"/>
<Contour name="d01ax40ab2ssvr" hidden="false" closed="true" simplified="false" border="0.5 0 1" fill="0.5 0 1" mode="-13"
 points="5.50522 3.10265,
	5.49927 3.10066,
	5.50522 3.09868,
	5.50126 3.09273,
	5.5072 3.0967,
	5.50919 3.09075,
	5.51117 3.0967,
	5.51712 3.09273,
	5.51315 3.09868,
	5.5191 3.10066,
	5.51315 3.10265,
	5.51712 3.10859,
	5.51117 3.10463,
	5.50919 3.11058,
	5.5072 3.10463,
	5.50126 3.10859,
	"/>
<Contour name="d01ax40ab2ssvr" hidden="false" closed="true" simplified="false" border="0.5 0 1" fill="0.5 0 1" mode="-13"
 points="5.55479 3.1661,
	5.54884 3.16411,
	5.55479 3.16213,
	5.55083 3.15618,
	5.55677 3.16015,
	5.55876 3.1542,
	5.56074 3.16015,
	5.56669 3.15618,
	5.56272 3.16213,
	5.56867 3.16411,
	5.56272 3.1661,
	5.56669 3.17204,
	5.56074 3.16808,
	5.55876 3.17403,
	5.55677 3.16808,
	5.55083 3.17204,
	"/>
<Contour name="d01ax40ab2ssvr" hidden="false" closed="true" simplified="false" border="0.5 0 1" fill="0.5 0 1" mode="-13"
 points="5.62617 3.15618,
	5.62023 3.1542,
	5.62617 3.15222,
	5.62221 3.14627,
	5.62816 3.15023,
	5.63014 3.14429,
	5.63212 3.15023,
	5.63807 3.14627,
	5.6341 3.15222,
	5.64005 3.1542,
	5.6341 3.15618,
	5.63807 3.16213,
	5.63212 3.15817,
	5.63014 3.16411,
	5.62816 3.15817,
	5.62221 3.16213,
	"/>
<Contour name="d01ax40ab2ssvr" hidden="false" closed="true" simplified="false" border="0.5 0 1" fill="0.5 0 1" mode="-13"
 points="5.6004 3.11653,
	5.59445 3.11454,
	5.6004 3.11256,
	5.59643 3.10661,
	5.60238 3.11058,
	5.60436 3.10463,
	5.60635 3.11058,
	5.61229 3.10661,
	5.60833 3.11256,
	5.61428 3.11454,
	5.60833 3.11653,
	5.61229 3.12247,
	5.60635 3.11851,
	5.60436 3.12446,
	5.60238 3.11851,
	5.59643 3.12247,
	"/>
<Contour name="d01ax40ab2ssvr" hidden="false" closed="true" simplified="false" border="0.5 0 1" fill="0.5 0 1" mode="-13"
 points="5.67773 3.12049,
	5.67178 3.11851,
	5.67773 3.11653,
	5.67376 3.11058,
	5.67971 3.11454,
	5.68169 3.10859,
	5.68368 3.11454,
	5.68962 3.11058,
	5.68566 3.11653,
	5.69161 3.11851,
	5.68566 3.12049,
	5.68962 3.12644,
	5.68368 3.12247,
	5.68169 3.12842,
	5.67971 3.12247,
	5.67376 3.12644,
	"/>
<Contour name="d01ax40ab2ssvr" hidden="false" closed="true" simplified="false" border="0.5 0 1" fill="0.5 0 1" mode="-13"
 points="5.6579 3.05506,
	5.65195 3.05308,
	5.6579 3.05109,
	5.65393 3.04514,
	5.65988 3.04911,
	5.66186 3.04316,
	5.66385 3.04911,
	5.6698 3.04514,
	5.66583 3.05109,
	5.67178 3.05308,
	5.66583 3.05506,
	5.6698 3.06101,
	5.66385 3.05704,
	5.66186 3.06299,
	5.65988 3.05704,
	5.65393 3.06101,
	"/>
</Transform>

<Transform dim="0"
 xcoef=" 0 1 0 0 0 0"
 ycoef=" 0 0 1 0 0 0">
<Contour name="d01ax40ab2ssvd" hidden="false" closed="true" simplified="false" border="1 0.5 0" fill="1 0.5 0" mode="-13"
 points="5.32875 3.10265,
	5.32875 3.09868,
	5.33272 3.09471,
	5.33668 3.09471,
	5.34065 3.09868,
	5.34065 3.10265,
	5.33668 3.10661,
	5.33272 3.10661,
	"/>
</Transform>

<Transform dim="0"
 xcoef=" 0 1 0 0 0 0"
 ycoef=" 0 0 1 0 0 0">
<Contour name="d01ax40ab2c01" hidden="false" closed="true" simplified="true" border="0 1 0" fill="0 1 0" mode="-9"
 points="5.20555 3.17185,
	5.20757 3.15567,
	5.21363 3.1395,
	5.21565 3.13141,
	5.2197 3.12737,
	5.22374 3.09503,
	5.22778 3.08694,
	5.2298 3.07077,
	5.23183 3.06268,
	5.23183 3.05864,
	5.24598 3.04853,
	5.26215 3.04246,
	5.27024 3.04449,
	5.29652 3.10918,
	5.30258 3.14152,
	5.30056 3.17387,
	5.2945 3.20621,
	5.28843 3.22238,
	5.27832 3.23856,
	5.27024 3.24462,
	5.25406 3.24462,
	5.24598 3.24462,
	5.2298 3.23451,
	5.21565 3.21834,
	5.20757 3.20419,
	5.20555 3.17387,
	"/>
<Contour name="d01ax40ab2cfa01" hidden="false" closed="false" simplified="false" border="0 1 1" fill="0 1 1" mode="-9"
 points="5.24983 3.24195,
	5.24983 3.18333,
	5.25185 3.11661,
	5.24983 3.04586,
	"/>
</Transform>

<Transform dim="0"
 xcoef=" 0 1 0 0 0 0"
 ycoef=" 0 0 1 0 0 0">
<Contour name="d01p45" hidden="false" closed="true" simplified="false" border="1 1 0" fill="1 1 0" mode="-9"
 points="6.48303 3.04625,
	6.48303 2.99378,
	6.43056 2.99378,
	6.43056 3.03969,
	6.424 3.04625,
	6.424 2.98722,
	6.48959 2.98722,
	6.48959 3.0528,
	6.424 3.0528,
	6.43056 3.04625,
	"/>
</Transform>

<Transform dim="0"
 xcoef=" 0 1 0 0 0 0"
 ycoef=" 0 0 1 0 0 0">
<Contour name="d05p33" hidden="false" closed="true" simplified="false" border="1 0 0.5" fill="1 0 0.5" mode="9"
 points="4.60991 3.07306,
	4.64092 3.07306,
	4.62541 3.10148,
	"/>
</Transform>

<Transform dim="0"
 xcoef=" 0 1 0 0 0 0"
 ycoef=" 0 0 1 0 0 0">
<Contour name="ax17" comment="LK bouton trace named after cfa" hidden="false" closed="true" simplified="true" border="0 1 1" fill="0.502 1 1" mode="9"
 points="5.6708 2.50884,
	5.67348 2.50169,
	5.67348 2.4999,
	5.67973 2.49276,
	5.69313 2.48293,
	5.70743 2.47667,
	5.72172 2.47221,
	5.75031 2.46953,
	5.7789 2.46953,
	5.8075 2.46685,
	5.81464 2.46685,
	5.82894 2.46417,
	5.83251 2.46506,
	5.8611 2.46417,
	5.8754 2.46417,
	5.88255 2.46685,
	5.88969 2.47131,
	5.89327 2.4731,
	5.89595 2.47667,
	5.89863 2.47846,
	5.9031 2.48561,
	5.9031 2.49276,
	5.9022 2.49633,
	5.90042 2.49812,
	5.89952 2.50169,
	5.88612 2.51599,
	5.87182 2.52581,
	5.86468 2.52939,
	5.85038 2.53386,
	5.84323 2.53564,
	5.83609 2.53564,
	5.82179 2.53832,
	5.81822 2.53832,
	5.81107 2.541,
	5.80392 2.54547,
	5.80035 2.54636,
	5.78695 2.5553,
	5.78069 2.56155,
	5.7789 2.56155,
	5.77176 2.56691,
	5.75746 2.57406,
	5.75031 2.57585,
	5.74317 2.57495,
	5.74138 2.57495,
	5.73423 2.5687,
	5.72172 2.55887,
	5.69313 2.53743,
	5.67884 2.52671,
	5.67348 2.52045,
	5.6708 2.51331,
	5.6708 2.50973,
	"/>
</Transform>

<Transform dim="6"
 xcoef=" 0.131397346744277 0.794978800207007 0.154380693074702 0 0 0"
 ycoef=" 0.0688459393243779 0.0577190231714441 1.25534723688861 0 0 0">
<Image mag="0.00223486" contrast="1.248" brightness="-0.105" red="true" green="true" blue="true"
 src="XRZCT.206.jpg" />
<Contour name="domain1" hidden="false" closed="true" simplified="false" border="1 0 1" fill="1 0 1" mode="11"
 points="0 0,
	4083 0,
	4083 4083,
	0 4083,
	"/>
</Transform>

<Transform dim="0"
 xcoef=" 0 1 0 0 0 0"
 ycoef=" 0 0 1 0 0 0">
<Contour name="ax11" comment="LK bouton trace named after cfa" hidden="false" closed="true" simplified="true" border="0 1 1" fill="0.502 1 1" mode="11"
 points="2.51552 3.68029,
	2.51895 3.67343,
	2.52581 3.66657,
	2.53266 3.66229,
	2.53609 3.65972,
	2.53952 3.65886,
	2.55323 3.64858,
	2.56009 3.64172,
	2.56352 3.63829,
	2.57209 3.62458,
	2.5738 3.62286,
	2.57294 3.59544,
	2.58494 3.56801,
	2.58923 3.56115,
	2.59523 3.53373,
	2.59609 3.5063,
	2.60723 3.49259,
	2.62094 3.48573,
	2.6458 3.45831,
	2.65265 3.45488,
	2.65608 3.45316,
	2.67665 3.42574,
	2.67922 3.42231,
	2.68008 3.41888,
	2.68265 3.41631,
	2.68522 3.40945,
	2.69808 3.3966,
	2.71179 3.38545,
	2.71865 3.38031,
	2.73236 3.37345,
	2.75979 3.35546,
	2.78721 3.33917,
	2.79407 3.33403,
	2.80521 3.32032,
	2.80778 3.31346,
	2.80864 3.3066,
	2.80693 3.29975,
	2.79921 3.28603,
	2.7975 3.2826,
	2.79836 3.27575,
	2.80264 3.26889,
	2.81378 3.25518,
	2.8275 3.24404,
	2.83435 3.23889,
	2.83778 3.23632,
	2.85149 3.23204,
	2.87892 3.21918,
	2.90635 3.2029,
	2.9132 3.19861,
	2.91492 3.1969,
	2.91835 3.1969,
	2.94577 3.1729,
	2.95263 3.16861,
	2.96634 3.16347,
	2.9732 3.16004,
	2.98006 3.15919,
	2.99377 3.16261,
	3.00063 3.1669,
	3.00405 3.16947,
	3.00663 3.17633,
	3.00834 3.19004,
	3.00663 3.20375,
	3.00577 3.21061,
	3.00577 3.21404,
	2.9972 3.22775,
	2.99034 3.24146,
	2.97234 3.26889,
	2.95863 3.29632,
	2.95434 3.30317,
	2.94234 3.31603,
	2.93806 3.32289,
	2.9252 3.33574,
	2.92006 3.34174,
	2.91235 3.35546,
	2.88921 3.38288,
	2.88663 3.38974,
	2.88235 3.3966,
	2.87378 3.42402,
	2.87121 3.43774,
	2.87035 3.45145,
	2.86949 3.45831,
	2.86949 3.46173,
	2.86692 3.46859,
	2.85578 3.4823,
	2.82835 3.50544,
	2.82235 3.5123,
	2.80864 3.52259,
	2.78721 3.55001,
	2.7735 3.55858,
	2.76664 3.56287,
	2.76322 3.56544,
	2.7495 3.57058,
	2.74265 3.57487,
	2.73922 3.57744,
	2.73579 3.5783,
	2.70836 3.59801,
	2.68094 3.61344,
	2.65351 3.62029,
	2.64665 3.62201,
	2.64323 3.62201,
	2.63637 3.62544,
	2.62951 3.63058,
	2.62608 3.63229,
	2.61237 3.64343,
	2.60551 3.64943,
	2.5918 3.658,
	2.58494 3.66229,
	2.58152 3.66315,
	2.57809 3.66572,
	2.57637 3.66743,
	2.5738 3.66657,
	2.56009 3.67429,
	2.55323 3.67857,
	2.55152 3.67857,
	2.54809 3.68115,
	2.54123 3.68286,
	2.53438 3.68714,
	2.52066 3.69143,
	2.51723 3.69057,
	2.51552 3.68886,
	2.51552 3.682,
	2.51552 3.68115,
	"/>
</Transform>

<Transform dim="0"
 xcoef=" 0 1 0 0 0 0"
 ycoef=" 0 0 1 0 0 0">
<Contour name="d01ax17_DDH" comment="DDH_traced_24july2018" hidden="false" closed="true" simplified="false" border="0 1 0" fill="1 0 0.501961" mode="-9"
 points="2.59949 3.38403,
	2.59949 3.37043,
	2.61309 3.37043,
	2.61309 3.35683,
	2.62669 3.35683,
	2.62669 3.37043,
	2.64028 3.37043,
	2.64028 3.38403,
	2.62669 3.38403,
	2.62669 3.39762,
	2.61309 3.39762,
	2.61309 3.38403,
	"/>
</Transform>

<Transform dim="0"
 xcoef=" 0 1 0 0 0 0"
 ycoef=" 0 0 1 0 0 0">
<Contour name="d01ax18_DDH" comment="DDH_traced_24july2018" hidden="false" closed="true" simplified="false" border="0 1 0" fill="1 0 0.501961" mode="-9"
 points="-0.134612 4.88282,
	-0.134612 4.87228,
	-0.124063 4.87228,
	-0.124063 4.86173,
	-0.113514 4.86173,
	-0.113514 4.87228,
	-0.102966 4.87228,
	-0.102966 4.88282,
	-0.113514 4.88282,
	-0.113514 4.89337,
	-0.124063 4.89337,
	-0.124063 4.88282,
	"/>
</Transform>

<Transform dim="0"
 xcoef=" 0 1 0 0 0 0"
 ycoef=" 0 0 1 0 0 0">
<Contour name="d01ax20_DDH" comment="DDH_traced_24july2018" hidden="false" closed="true" simplified="false" border="0 1 0" fill="1 0 0.501961" mode="-9"
 points="7.17886 1.02383,
	7.17886 1.01067,
	7.19203 1.01067,
	7.19203 0.997497,
	7.2052 0.997497,
	7.2052 1.01067,
	7.21837 1.01067,
	7.21837 1.02383,
	7.2052 1.02383,
	7.2052 1.037,
	7.19203 1.037,
	7.19203 1.02383,
	"/>
</Transform>

<Transform dim="0"
 xcoef=" 0 1 0 0 0 0"
 ycoef=" 0 0 1 0 0 0">
<Contour name="d01ax25_DDH" comment="DDH_traced_26july2018" hidden="false" closed="true" simplified="false" border="0 1 0" fill="1 0 0.501961" mode="-9"
 points="10.9424 0.433138,
	10.9424 0.415118,
	10.9605 0.415118,
	10.9605 0.397098,
	10.9785 0.397098,
	10.9785 0.415118,
	10.9965 0.415118,
	10.9965 0.433138,
	10.9785 0.433138,
	10.9785 0.451158,
	10.9605 0.451158,
	10.9605 0.433138,
	"/>
</Transform>

<Transform dim="0"
 xcoef=" 0 1 0 0 0 0"
 ycoef=" 0 0 1 0 0 0">
<Contour name="d01ax48_DDH" comment="DDH_traced_24sep2018" hidden="false" closed="true" simplified="false" border="0 1 0" fill="1 0 0.502" mode="-9"
 points="2.29566 5.55395,
	2.29566 5.54107,
	2.30854 5.54107,
	2.30854 5.52819,
	2.32142 5.52819,
	2.32142 5.54107,
	2.3343 5.54107,
	2.3343 5.55395,
	2.32142 5.55395,
	2.32142 5.56683,
	2.30854 5.56683,
	2.30854 5.55395,
	"/>
</Transform>

<Transform dim="0"
 xcoef=" 0 1 0 0 0 0"
 ycoef=" 0 0 1 0 0 0">
<Contour name="ddh_d01ax17" comment="traced 2018-10-29 after previously stamping" hidden="false" closed="true" simplified="true" border="0.501961 1 0.501961" fill="0.501961 1 0.501961" mode="11"
 points="2.56262 3.37862,
	2.56827 3.36571,
	2.57796 3.3528,
	2.58441 3.34957,
	2.59733 3.34634,
	2.61024 3.34473,
	2.62316 3.34473,
	2.64898 3.34069,
	2.65221 3.34069,
	2.66513 3.33585,
	2.66836 3.33504,
	2.66997 3.33504,
	2.67158 3.33343,
	2.69741 3.33181,
	2.71033 3.33181,
	2.71678 3.33262,
	2.7297 3.33665,
	2.73293 3.33827,
	2.73777 3.34473,
	2.73938 3.35118,
	2.73857 3.35441,
	2.72808 3.3649,
	2.71678 3.37378,
	2.71113 3.37862,
	2.70952 3.37862,
	2.70306 3.38427,
	2.69741 3.38831,
	2.6853 3.39961,
	2.67481 3.41172,
	2.66916 3.41737,
	2.66593 3.41979,
	2.66432 3.41979,
	2.66271 3.4214,
	2.63688 3.42463,
	2.62396 3.42705,
	2.59814 3.42786,
	2.58522 3.42302,
	2.58199 3.42221,
	2.58038 3.4206,
	2.57876 3.4206,
	2.57231 3.41575,
	2.56746 3.4101,
	2.56262 3.39719,
	2.56262 3.38427,
	2.56262 3.38105,
	2.56262 3.37943,
	"/>
</Transform>

<Transform dim="0"
 xcoef=" 0 1 0 0 0 0"
 ycoef=" 0 0 1 0 0 0">
<Contour name="ddh_d01ax18" comment="traced 2018-10-30 after previously stamping" hidden="false" closed="true" simplified="true" border="0.501961 1 0.501961" fill="0.501961 1 0.501961" mode="11"
 points="-0.203698 4.92203,
	-0.202531 4.91736,
	-0.196111 4.90802,
	-0.196111 4.90686,
	-0.194944 4.90569,
	-0.193776 4.90102,
	-0.193776 4.89168,
	-0.193776 4.88701,
	-0.191442 4.87767,
	-0.187356 4.86833,
	-0.180936 4.859,
	-0.172764 4.85141,
	-0.164593 4.84499,
	-0.161091 4.84207,
	-0.157589 4.83798,
	-0.148834 4.83215,
	-0.144165 4.82923,
	-0.134826 4.82514,
	-0.130157 4.82339,
	-0.127822 4.82223,
	-0.126655 4.82106,
	-0.12432 4.82047,
	-0.120235 4.81697,
	-0.1179 4.81522,
	-0.115565 4.81464,
	-0.113231 4.81289,
	-0.110896 4.8123,
	-0.109729 4.8123,
	-0.108561 4.81114,
	-0.0992227 4.80938,
	-0.0898841 4.8088,
	-0.0805455 4.80705,
	-0.0618683 4.80822,
	-0.0431911 4.80763,
	-0.0385218 4.80763,
	-0.0338525 4.80647,
	-0.0291832 4.80647,
	-0.0268485 4.8053,
	-0.00817128 4.80472,
	-0.00350198 4.80472,
	-0.00116733 4.80472,
	0.00350198 4.80705,
	0.00817128 4.80705,
	0.00933861 4.80822,
	0.0140079 4.80938,
	0.0186772 4.8123,
	0.0268485 4.82106,
	0.0449421 4.83331,
	0.0472767 4.83448,
	0.0490277 4.83682,
	0.050195 4.83798,
	0.0507787 4.84032,
	0.0507787 4.84149,
	0.051946 4.84207,
	0.0531134 4.85141,
	0.0531134 4.85608,
	0.0525297 4.85841,
	0.0513624 4.859,
	0.0507787 4.86133,
	0.0420238 4.86892,
	0.0332688 4.87476,
	0.0285995 4.87767,
	0.0274322 4.87767,
	0.0262648 4.87884,
	0.0250975 4.87884,
	0.0227629 4.88059,
	0.00408564 4.88701,
	0.00175099 4.8876,
	-0.000583663 4.88935,
	-0.00175099 4.88935,
	-0.0064203 4.89285,
	-0.00758762 4.89285,
	-0.0163426 4.90044,
	-0.0239302 4.90802,
	-0.0285995 4.91269,
	-0.0326851 4.91561,
	-0.0350198 4.91678,
	-0.0361871 4.91795,
	-0.0385218 4.91853,
	-0.0478604 4.92437,
	-0.050195 4.92495,
	-0.0548643 4.92787,
	-0.057199 4.92962,
	-0.0583663 4.92962,
	-0.0770435 4.94129,
	-0.0782109 4.94246,
	-0.0828802 4.94421,
	-0.0875495 4.94713,
	-0.0898841 4.9483,
	-0.0904678 4.94946,
	-0.0992227 4.95355,
	-0.103892 4.95472,
	-0.105059 4.95588,
	-0.123737 4.96114,
	-0.133075 4.96172,
	-0.142414 4.96055,
	-0.151752 4.95705,
	-0.156422 4.9553,
	-0.16576 4.95413,
	-0.17043 4.95297,
	-0.179768 4.95238,
	-0.188523 4.95063,
	-0.193193 4.94771,
	-0.194944 4.94655,
	-0.198445 4.94188,
	-0.200196 4.93954,
	-0.20078 4.93721,
	-0.201947 4.93604,
	-0.203698 4.9267,
	-0.203698 4.92262,
	"/>
</Transform>

<Transform dim="0"
 xcoef=" 0 1 0 0 0 0"
 ycoef=" 0 0 1 0 0 0">
<Contour name="ddh_d01ax20" comment="traced 2018-11-09 after previously stamping" hidden="false" closed="true" simplified="true" border="0.501961 1 0.501961" fill="0.501961 1 0.501961" mode="11"
 points="7.10382 1.04368,
	7.10703 1.03339,
	7.11089 1.02824,
	7.11346 1.02567,
	7.12311 1.01988,
	7.12697 1.01538,
	7.12954 1.01474,
	7.1334 1.01152,
	7.13854 1.00831,
	7.14111 1.00702,
	7.1424 1.00702,
	7.14497 1.00509,
	7.14754 1.00445,
	7.14883 1.00316,
	7.15912 0.999949,
	7.17905 0.987731,
	7.18741 0.980014,
	7.18934 0.977442,
	7.19191 0.976156,
	7.19256 0.97487,
	7.19384 0.97487,
	7.20413 0.967796,
	7.2067 0.967153,
	7.21121 0.963938,
	7.21378 0.963295,
	7.21506 0.962009,
	7.21764 0.961366,
	7.21892 0.961366,
	7.22021 0.960079,
	7.24079 0.956864,
	7.25108 0.954935,
	7.26136 0.956221,
	7.26651 0.956864,
	7.27101 0.958793,
	7.2723 0.958793,
	7.27358 0.960079,
	7.27615 0.960722,
	7.27873 0.962652,
	7.28001 0.964581,
	7.28451 0.968439,
	7.28837 0.973584,
	7.29159 0.976799,
	7.29159 0.978085,
	7.29416 0.980657,
	7.29416 0.981943,
	7.29738 0.987088,
	7.29995 0.997377,
	7.30123 1.00252,
	7.30123 1.01281,
	7.29995 1.0231,
	7.29738 1.03339,
	7.29673 1.03596,
	7.2948 1.03789,
	7.2948 1.03918,
	7.29159 1.04432,
	7.2903 1.04625,
	7.28066 1.05589,
	7.27615 1.05975,
	7.27358 1.0604,
	7.26908 1.06361,
	7.26651 1.06554,
	7.25622 1.06876,
	7.25108 1.07197,
	7.24979 1.07197,
	7.24722 1.0739,
	7.23693 1.07647,
	7.23178 1.0784,
	7.22921 1.07904,
	7.22793 1.08033,
	7.21764 1.08483,
	7.20799 1.09062,
	7.20285 1.09319,
	7.20156 1.09448,
	7.19642 1.09641,
	7.19384 1.09705,
	7.19256 1.09705,
	7.19127 1.09834,
	7.1887 1.09898,
	7.18741 1.09898,
	7.18613 1.10027,
	7.18355 1.10091,
	7.18227 1.10091,
	7.18098 1.10219,
	7.17584 1.10348,
	7.16555 1.10348,
	7.16298 1.10348,
	7.1604 1.10219,
	7.15526 1.10219,
	7.14497 1.09898,
	7.14047 1.09576,
	7.12375 1.07712,
	7.12054 1.07197,
	7.11089 1.06361,
	7.10639 1.05911,
	7.10382 1.05397,
	7.10382 1.04432,
	"/>
</Transform>

</Section>