<?xml version="1.0"?>
<!DOCTYPE Section SYSTEM "section.dtd">

<Section index="205" thickness="0.062" alignLocked="true">
<Transform dim="0"
 xcoef=" 0 1 0 0 0 0"
 ycoef=" 0 0 1 0 0 0">
<Contour name="d08" hidden="false" closed="true" simplified="true" border="1 1 0" fill="1 0 0.5" mode="9"
 points="4.47352 4.88411,
	4.49262 4.8674,
	4.53081 4.84591,
	4.54752 4.82682,
	4.55946 4.80772,
	4.58333 4.78146,
	4.62152 4.75043,
	4.64062 4.73372,
	4.67881 4.71223,
	4.68836 4.70507,
	4.69314 4.70507,
	4.69791 4.7003,
	4.7743 4.68359,
	4.85069 4.6812,
	4.88888 4.68359,
	4.92708 4.69314,
	5.00347 4.69552,
	5.04166 4.71223,
	5.04405 4.71701,
	5.04882 4.71701,
	5.06792 4.72894,
	5.10134 4.75998,
	5.12044 4.76475,
	5.12999 4.76953,
	5.16818 4.7743,
	5.20637 4.78624,
	5.21592 4.79101,
	5.25173 4.82682,
	5.26605 4.84591,
	5.30186 4.87217,
	5.32096 4.8865,
	5.32812 4.89127,
	5.34244 4.90798,
	5.34722 4.91753,
	5.35199 4.9223,
	5.35199 4.92708,
	5.35676 4.93185,
	5.36393 4.95095,
	5.36393 5.02734,
	5.36154 5.03689,
	5.32334 5.06553,
	5.30425 5.08224,
	5.27321 5.11089,
	5.23741 5.13715,
	5.21831 5.15147,
	5.18012 5.16579,
	5.17057 5.17057,
	5.09418 5.17295,
	5.01779 5.16818,
	4.99869 5.16341,
	4.9605 5.16341,
	4.88411 5.15147,
	4.84591 5.15147,
	4.80772 5.1467,
	4.76953 5.12999,
	4.73611 5.09895,
	4.69791 5.06315,
	4.6812 5.04882,
	4.6621 5.02973,
	4.5881 4.98198,
	4.56901 4.97243,
	4.54991 4.95572,
	4.5141 4.93424,
	4.495 4.92708,
	4.47829 4.91037,
	4.47352 4.90082,
	4.47352 4.89127,
	4.47352 4.8865,
	"/>
</Transform>

<Transform dim="0"
 xcoef=" 0 1 0 0 0 0"
 ycoef=" 0 0 1 0 0 0">
<Contour name="d10" hidden="false" closed="true" simplified="true" border="0 1 1" fill="0 1 1" mode="9"
 points="6.70286 0.849447,
	6.71781 0.825519,
	6.75071 0.789627,
	6.76866 0.76869,
	6.79259 0.744762,
	6.81053 0.726816,
	6.83446 0.702888,
	6.92718 0.637085,
	6.93615 0.625121,
	6.93316 0.601193,
	6.9212 0.589229,
	6.87334 0.580256,
	6.82549 0.577265,
	6.81352 0.577265,
	6.7896 0.568292,
	6.78062 0.556328,
	6.78062 0.5324,
	6.79558 0.508472,
	6.84044 0.466598,
	6.8883 0.439679,
	6.93615 0.418742,
	7.03187 0.358921,
	7.07972 0.340975,
	7.12758 0.305083,
	7.17544 0.284146,
	7.27115 0.272182,
	7.319 0.260218,
	7.36686 0.239281,
	7.39079 0.230308,
	7.39677 0.224326,
	7.40275 0.224326,
	7.40873 0.218344,
	7.45659 0.20638,
	7.50445 0.200398,
	7.60016 0.200398,
	7.64802 0.200398,
	7.654 0.212362,
	7.70185 0.212362,
	7.74971 0.218344,
	7.84542 0.218344,
	7.85739 0.221335,
	7.86337 0.221335,
	7.86935 0.227317,
	7.86935 0.323029,
	7.86935 0.370885,
	7.86935 0.394813,
	7.86935 0.406778,
	7.84542 0.424724,
	7.83944 0.430706,
	7.83346 0.430706,
	7.82149 0.439679,
	7.81551 0.445661,
	7.80355 0.448652,
	7.79757 0.454634,
	7.77364 0.463607,
	7.72578 0.496508,
	7.7198 0.50249,
	7.70784 0.505481,
	7.66297 0.544364,
	7.654 0.568292,
	7.654 0.664004,
	7.654 0.687933,
	7.64502 0.711861,
	7.64502 0.717843,
	7.63605 0.729807,
	7.63306 0.741771,
	7.6211 0.753735,
	7.60614 0.777663,
	7.59717 0.801591,
	7.59119 0.807573,
	7.54333 0.810564,
	7.53137 0.816546,
	7.50744 0.816546,
	7.45958 0.82851,
	7.4536 0.834492,
	7.42967 0.840474,
	7.23825 0.843465,
	7.19039 0.843465,
	7.16646 0.843465,
	7.11861 0.85842,
	7.07075 0.879357,
	6.87933 0.882348,
	6.78361 0.882348,
	6.73576 0.882348,
	6.71183 0.879357,
	6.70286 0.870384,
	6.70286 0.85842,
	6.70286 0.852438,
	"/>
<Contour name="d10" hidden="false" closed="true" simplified="true" border="0 1 1" fill="0 1 1" mode="9"
 points="6.51442 1.0319,
	6.53536 1.00797,
	6.55929 0.996007,
	6.57125 0.987034,
	6.57723 0.987034,
	6.60116 0.972079,
	6.61313 0.966097,
	6.66098 0.966097,
	6.68491 0.966097,
	6.69687 0.966097,
	6.70286 0.966097,
	6.74174 1.01096,
	6.74174 1.03489,
	6.73875 1.04685,
	6.73875 1.05284,
	6.73277 1.05882,
	6.73277 1.10667,
	6.73277 1.1306,
	6.70884 1.14855,
	6.66098 1.16649,
	6.61313 1.17248,
	6.5892 1.17248,
	6.57723 1.16649,
	6.55331 1.14556,
	6.52938 1.1306,
	6.51741 1.11864,
	6.51442 1.07078,
	6.51442 1.04685,
	6.51442 1.03489,
	"/>
</Transform>

<Transform dim="0"
 xcoef=" 0 1 0 0 0 0"
 ycoef=" 0 0 1 0 0 0">
<Contour name="d10p40" hidden="false" closed="true" simplified="false" border="0 1 1" fill="0 1 1" mode="-13"
 points="6.9276 0.81761,
	6.94105 0.804168,
	6.88728 0.750397,
	6.90072 0.736954,
	6.95449 0.790725,
	6.96793 0.777282,
	6.96793 0.81761,
	"/>
</Transform>

<Transform dim="0"
 xcoef=" 0 1 0 0 0 0"
 ycoef=" 0 0 1 0 0 0">
<Contour name="d05" hidden="false" closed="true" simplified="true" border="1 1 0" fill="1 1 0" mode="9"
 points="3.77704 3.51465,
	3.80291 3.48508,
	3.86204 3.45182,
	3.98031 3.43334,
	4.00987 3.42595,
	4.2464 3.42964,
	4.30553 3.41116,
	4.3351 3.39638,
	4.34988 3.38899,
	4.35727 3.3816,
	4.36466 3.3816,
	4.37945 3.37051,
	4.38684 3.36312,
	4.39423 3.36312,
	4.44597 3.31877,
	4.47923 3.26334,
	4.49032 3.23746,
	4.50141 3.22268,
	4.5051 3.2079,
	4.51619 3.19312,
	4.52728 3.13398,
	4.52728 3.1192,
	4.52728 3.11181,
	4.51249 3.10442,
	4.5051 3.10442,
	4.47923 3.07485,
	4.47923 3.04529,
	4.49032 3.01572,
	4.52728 2.95659,
	4.54206 2.92702,
	4.55315 2.86789,
	4.56423 2.83833,
	4.58271 2.80876,
	4.5938 2.77919,
	4.5975 2.72006,
	4.60119 2.6905,
	4.60489 2.67571,
	4.65293 2.61658,
	4.6825 2.60549,
	4.69728 2.5981,
	4.81554 2.59441,
	4.87468 2.59071,
	4.93381 2.57962,
	5.17034 2.56115,
	5.22947 2.56115,
	5.25903 2.56115,
	5.31447 2.54267,
	5.32925 2.53528,
	5.38838 2.53158,
	5.44752 2.53528,
	5.50665 2.56854,
	5.53252 2.59441,
	5.5436 2.6018,
	5.55839 2.61658,
	5.61752 2.63506,
	5.6323 2.63876,
	5.65448 2.66093,
	5.66926 2.67202,
	5.67665 2.67941,
	5.67296 2.70897,
	5.65078 2.73484,
	5.59165 2.7755,
	5.53991 2.81985,
	5.52513 2.83463,
	5.49926 2.84941,
	5.49556 2.8568,
	5.48817 2.8568,
	5.4586 2.87898,
	5.42904 2.89376,
	5.40317 2.91594,
	5.34773 2.97137,
	5.30708 3.0305,
	5.29229 3.04159,
	5.26273 3.04898,
	5.23316 3.04898,
	5.21838 3.04898,
	5.18881 3.06007,
	5.17403 3.06377,
	5.15925 3.07485,
	5.04468 3.12659,
	5.01511 3.13029,
	4.89685 3.10811,
	4.83772 3.1192,
	4.77859 3.13768,
	4.66032 3.18942,
	4.63076 3.20051,
	4.57532 3.24116,
	4.55684 3.27073,
	4.54576 3.28551,
	4.54206 3.30029,
	4.52728 3.31508,
	4.51989 3.32986,
	4.49402 3.35942,
	4.47184 3.3816,
	4.35727 3.4666,
	4.34988 3.47399,
	4.34249 3.47399,
	4.31292 3.49247,
	4.30553 3.49247,
	4.29075 3.50356,
	4.27597 3.50725,
	4.2501 3.52943,
	4.24271 3.52943,
	4.21314 3.54791,
	4.09488 3.59965,
	4.08009 3.60334,
	4.0727 3.61073,
	4.01357 3.62921,
	4.00618 3.6366,
	3.94705 3.64769,
	3.91748 3.64769,
	3.9027 3.6403,
	3.88791 3.6403,
	3.87313 3.63291,
	3.86574 3.63291,
	3.85835 3.62552,
	3.85096 3.62552,
	3.82139 3.59965,
	3.8103 3.58486,
	3.8103 3.57747,
	3.78813 3.5516,
	3.77704 3.52204,
	3.77704 3.51834,
	"/>
</Transform>

<Transform dim="0"
 xcoef=" 0 1 0 0 0 0"
 ycoef=" 0 0 1 0 0 0">
<Contour name="d05c33" hidden="false" closed="true" simplified="true" border="1 0 0" fill="0 1 0" mode="9"
 points="3.7218 3.53748,
	3.74078 3.5185,
	3.76247 3.50495,
	3.78415 3.50495,
	3.79499 3.50766,
	3.7977 3.5185,
	3.81668 3.53206,
	3.82752 3.54019,
	3.83023 3.55103,
	3.86547 3.59169,
	3.88716 3.61338,
	3.90342 3.63235,
	3.88445 3.65133,
	3.8736 3.65675,
	3.83023 3.65404,
	3.78686 3.63777,
	3.77602 3.63506,
	3.7706 3.62964,
	3.75975 3.62693,
	3.73807 3.60796,
	3.73536 3.58627,
	3.73536 3.57543,
	3.73536 3.57001,
	3.7218 3.55103,
	3.7218 3.54019,
	"/>
<Contour name="d05cfa33" hidden="false" closed="false" simplified="false" border="0 1 1" fill="0 1 1" mode="-13"
 points="3.88911 3.64342,
	3.84845 3.61903,
	3.81592 3.59463,
	3.77526 3.53499,
	3.78068 3.50518,
	"/>
</Transform>

<Transform dim="0"
 xcoef=" 0 1 0 0 0 0"
 ycoef=" 0 0 1 0 0 0">
<Contour name="d01ax40Bssvr" hidden="false" closed="true" simplified="false" border="0 1 0.251" fill="0 0 1" mode="11"
 points="6.64725 3.86326,
	6.63317 3.84918,
	6.64725 3.8351,
	6.66133 3.84918,
	"/>
</Transform>

<Transform dim="0"
 xcoef=" 0 1 0 0 0 0"
 ycoef=" 0 0 1 0 0 0">
<Contour name="d01" hidden="false" closed="true" simplified="true" border="1 0.5 0" fill="1 0.5 0" mode="9"
 points="4.54757 3.32092,
	4.56253 3.29699,
	4.58347 3.27605,
	4.63134 3.24912,
	4.67921 3.23416,
	4.70315 3.22219,
	4.72708 3.20424,
	4.75101 3.19826,
	4.76298 3.19228,
	4.85872 3.19527,
	4.90659 3.19527,
	4.93052 3.19527,
	4.95446 3.20125,
	5.0502 3.20125,
	5.07413 3.20723,
	5.0861 3.21621,
	5.13397 3.23117,
	5.17885 3.2551,
	5.20278 3.2551,
	5.22671 3.27006,
	5.24467 3.294,
	5.25065 3.30596,
	5.25663 3.31195,
	5.25364 3.32392,
	5.22971 3.32691,
	5.20577 3.33588,
	5.18184 3.33887,
	5.1579 3.35084,
	5.14594 3.35683,
	5.13995 3.35683,
	5.13397 3.36281,
	5.0861 3.37777,
	5.06216 3.38974,
	5.0502 3.38974,
	5.02626 3.39871,
	4.97839 3.4017,
	4.93052 3.41367,
	4.73905 3.41666,
	4.64331 3.41666,
	4.59544 3.41666,
	4.58347 3.41367,
	4.56253 3.39273,
	4.55954 3.38076,
	4.55056 3.36879,
	4.54757 3.32392,
	"/>
</Transform>

<Transform dim="0"
 xcoef=" 0 1 0 0 0 0"
 ycoef=" 0 0 1 0 0 0">
<Contour name="d01" hidden="false" closed="true" simplified="true" border="1 0.5 0" fill="1 0.5 0" mode="9"
 points="6.24094 2.86916,
	6.24693 2.85719,
	6.2948 2.8183,
	6.31873 2.80035,
	6.51021 2.80035,
	6.52217 2.80035,
	6.57004 2.78539,
	6.61791 2.76444,
	6.66279 2.72555,
	6.67177 2.71358,
	6.68972 2.69862,
	6.70168 2.68666,
	6.70767 2.66272,
	6.72263 2.63879,
	6.7675 2.5969,
	6.78845 2.57596,
	6.83632 2.54903,
	6.88418 2.53407,
	6.90812 2.5251,
	6.93205 2.50715,
	6.95599 2.49817,
	7.00386 2.49817,
	7.01582 2.49817,
	7.0607 2.52211,
	7.08464 2.53108,
	7.18037 2.54006,
	7.20431 2.54006,
	7.21029 2.54006,
	7.22226 2.54903,
	7.2462 2.55801,
	7.34193 2.56399,
	7.36288 2.58793,
	7.37185 2.5969,
	7.38083 2.64477,
	7.38083 2.65674,
	7.36886 2.68067,
	7.29406 2.77342,
	7.24919 2.82129,
	7.21029 2.86617,
	7.16841 2.90506,
	7.16542 2.92899,
	7.17439 2.95293,
	7.18037 2.9649,
	7.17738 2.98883,
	7.1714 3.0008,
	7.15943 3.00977,
	7.14746 3.00977,
	7.12353 3.01875,
	7.11156 3.02473,
	7.10558 3.02473,
	7.08164 3.03969,
	7.05771 3.04867,
	7.05173 3.05465,
	7.04574 3.05465,
	7.03378 3.06363,
	6.98591 3.08158,
	6.97992 3.08756,
	6.93205 3.10551,
	6.88418 3.13543,
	6.87222 3.14441,
	6.86025 3.1474,
	6.83632 3.16236,
	6.78845 3.18031,
	6.59697 3.17732,
	6.5491 3.16834,
	6.45336 3.15936,
	6.40549 3.15637,
	6.38156 3.14441,
	6.35762 3.12346,
	6.34865 3.09953,
	6.33967 3.05166,
	6.3307 3.02772,
	6.29779 2.98584,
	6.27684 2.97088,
	6.2559 2.94994,
	6.24693 2.926,
	6.24094 2.91404,
	6.24094 2.8901,
	6.24094 2.87813,
	6.24094 2.87215,
	"/>
</Transform>

<Transform dim="0"
 xcoef=" 0 1 0 0 0 0"
 ycoef=" 0 0 1 0 0 0">
<Contour name="d01c45" hidden="false" closed="true" simplified="true" border="1 0 0" fill="0 1 0" mode="9"
 points="6.26189 2.974,
	6.26983 2.96804,
	6.27381 2.96804,
	6.27579 2.96406,
	6.29168 2.96605,
	6.29566 2.96605,
	6.3036 2.974,
	6.31155 2.97598,
	6.3195 2.98194,
	6.32546 2.99784,
	6.32347 3.00181,
	6.34334 3.0336,
	6.3493 3.04949,
	6.35923 3.06538,
	6.3632 3.07333,
	6.37115 3.07929,
	6.38108 3.09121,
	6.39499 3.10313,
	6.39698 3.1071,
	6.40095 3.1071,
	6.40492 3.11108,
	6.4089 3.11108,
	6.41684 3.11704,
	6.42082 3.11704,
	6.4526 3.13492,
	6.4685 3.1369,
	6.48439 3.14286,
	6.54796 3.14485,
	6.57975 3.15478,
	6.58769 3.15876,
	6.59564 3.15876,
	6.61153 3.17068,
	6.60955 3.18657,
	6.60756 3.19054,
	6.48042 3.18856,
	6.44863 3.18856,
	6.38506 3.17465,
	6.36916 3.1667,
	6.35526 3.15478,
	6.34135 3.13889,
	6.33539 3.123,
	6.32546 3.10909,
	6.3195 3.0932,
	6.31751 3.0773,
	6.31552 3.06936,
	6.30758 3.06141,
	6.3036 3.05346,
	6.2897 3.03956,
	6.27778 3.02962,
	6.26983 3.02366,
	6.26387 3.00777,
	6.26189 2.97598,
	"/>
<Contour name="d01cfa45" hidden="false" closed="false" simplified="false" border="0 1 1" fill="0 1 1" mode="9"
 points="6.60372 3.18707,
	6.44678 3.15925,
	6.3693 3.13343,
	6.32758 3.07979,
	6.29976 3.0182,
	6.27791 2.96258,
	"/>
</Transform>

<Transform dim="0"
 xcoef=" 0 1 0 0 0 0"
 ycoef=" 0 0 1 0 0 0">
<Contour name="d01ax40ab2ssvr" hidden="false" closed="true" simplified="false" border="0.5 0 1" fill="0.5 0 1" mode="-13"
 points="5.38229 3.06299,
	5.37634 3.06101,
	5.38229 3.05902,
	5.37832 3.05308,
	5.38427 3.05704,
	5.38625 3.05109,
	5.38823 3.05704,
	5.39418 3.05308,
	5.39022 3.05902,
	5.39617 3.06101,
	5.39022 3.06299,
	5.39418 3.06894,
	5.38823 3.06497,
	5.38625 3.07092,
	5.38427 3.06497,
	5.37832 3.06894,
	"/>
<Contour name="d01ax40ab2ssvr" hidden="false" closed="true" simplified="false" border="0.5 0 1" fill="0.5 0 1" mode="-13"
 points="5.37832 3.11058,
	5.37237 3.10859,
	5.37832 3.10661,
	5.37435 3.10066,
	5.3803 3.10463,
	5.38229 3.09868,
	5.38427 3.10463,
	5.39022 3.10066,
	5.38625 3.10661,
	5.3922 3.10859,
	5.38625 3.11058,
	5.39022 3.11653,
	5.38427 3.11256,
	5.38229 3.11851,
	5.3803 3.11256,
	5.37435 3.11653,
	"/>
<Contour name="d01ax40ab2ssvr" hidden="false" closed="true" simplified="false" border="0.5 0 1" fill="0.5 0 1" mode="-13"
 points="5.41996 3.13437,
	5.41401 3.13239,
	5.41996 3.13041,
	5.41599 3.12446,
	5.42194 3.12842,
	5.42393 3.12247,
	5.42591 3.12842,
	5.43186 3.12446,
	5.42789 3.13041,
	5.43384 3.13239,
	5.42789 3.13437,
	5.43186 3.14032,
	5.42591 3.13635,
	5.42393 3.1423,
	5.42194 3.13635,
	5.41599 3.14032,
	"/>
<Contour name="d01ax40ab2ssvr" hidden="false" closed="true" simplified="false" border="0.5 0 1" fill="0.5 0 1" mode="-13"
 points="5.43186 3.17403,
	5.42591 3.17204,
	5.43186 3.17006,
	5.42789 3.16411,
	5.43384 3.16808,
	5.43582 3.16213,
	5.4378 3.16808,
	5.44375 3.16411,
	5.43979 3.17006,
	5.44574 3.17204,
	5.43979 3.17403,
	5.44375 3.17998,
	5.4378 3.17601,
	5.43582 3.18196,
	5.43384 3.17601,
	5.42789 3.17998,
	"/>
<Contour name="d01ax40ab2ssvr" hidden="false" closed="true" simplified="false" border="0.5 0 1" fill="0.5 0 1" mode="-13"
 points="5.64005 3.16411,
	5.6341 3.16213,
	5.64005 3.16015,
	5.63609 3.1542,
	5.64204 3.15817,
	5.64402 3.15222,
	5.646 3.15817,
	5.65195 3.1542,
	5.64798 3.16015,
	5.65393 3.16213,
	5.64798 3.16411,
	5.65195 3.17006,
	5.646 3.1661,
	5.64402 3.17204,
	5.64204 3.1661,
	5.63609 3.17006,
	"/>
<Contour name="d01ax40ab2ssvr" hidden="false" closed="true" simplified="false" border="0.5 0 1" fill="0.5 0 1" mode="-13"
 points="5.69954 3.17403,
	5.69359 3.17204,
	5.69954 3.17006,
	5.69557 3.16411,
	5.70152 3.16808,
	5.7035 3.16213,
	5.70549 3.16808,
	5.71144 3.16411,
	5.70747 3.17006,
	5.71342 3.17204,
	5.70747 3.17403,
	5.71144 3.17998,
	5.70549 3.17601,
	5.7035 3.18196,
	5.70152 3.17601,
	5.69557 3.17998,
	"/>
<Contour name="d01ax40ab2ssvr" hidden="false" closed="true" simplified="false" border="0.5 0 1" fill="0.5 0 1" mode="-13"
 points="5.70747 3.12446,
	5.70152 3.12247,
	5.70747 3.12049,
	5.7035 3.11454,
	5.70945 3.11851,
	5.71144 3.11256,
	5.71342 3.11851,
	5.71937 3.11454,
	5.7154 3.12049,
	5.72135 3.12247,
	5.7154 3.12446,
	5.71937 3.13041,
	5.71342 3.12644,
	5.71144 3.13239,
	5.70945 3.12644,
	5.7035 3.13041,
	"/>
<Contour name="d01ax40ab2ssvr" hidden="false" closed="true" simplified="false" border="0.5 0 1" fill="0.5 0 1" mode="-13"
 points="5.75109 3.09273,
	5.74514 3.09075,
	5.75109 3.08877,
	5.74713 3.08282,
	5.75307 3.08678,
	5.75506 3.08083,
	5.75704 3.08678,
	5.76299 3.08282,
	5.75902 3.08877,
	5.76497 3.09075,
	5.75902 3.09273,
	5.76299 3.09868,
	5.75704 3.09471,
	5.75506 3.10066,
	5.75307 3.09471,
	5.74713 3.09868,
	"/>
<Contour name="d01ax40ab2ssvr" hidden="false" closed="true" simplified="false" border="0.5 0 1" fill="0.5 0 1" mode="-13"
 points="5.55083 3.13041,
	5.54488 3.12842,
	5.55083 3.12644,
	5.54686 3.12049,
	5.55281 3.12446,
	5.55479 3.11851,
	5.55677 3.12446,
	5.56272 3.12049,
	5.55876 3.12644,
	5.56471 3.12842,
	5.55876 3.13041,
	5.56272 3.13635,
	5.55677 3.13239,
	5.55479 3.13834,
	5.55281 3.13239,
	5.54686 3.13635,
	"/>
<Contour name="d01ax40ab2ssvr" hidden="false" closed="true" simplified="false" border="0.5 0 1" fill="0.5 0 1" mode="-13"
 points="5.62023 3.08282,
	5.61428 3.08083,
	5.62023 3.07885,
	5.61626 3.0729,
	5.62221 3.07687,
	5.62419 3.07092,
	5.62617 3.07687,
	5.63212 3.0729,
	5.62816 3.07885,
	5.6341 3.08083,
	5.62816 3.08282,
	5.63212 3.08877,
	5.62617 3.0848,
	5.62419 3.09075,
	5.62221 3.0848,
	5.61626 3.08877,
	"/>
<Contour name="d01ax40ab2ssvr" hidden="false" closed="true" simplified="false" border="0.5 0 1" fill="0.5 0 1" mode="-13"
 points="5.49729 3.05902,
	5.49134 3.05704,
	5.49729 3.05506,
	5.49332 3.04911,
	5.49927 3.05308,
	5.50126 3.04713,
	5.50324 3.05308,
	5.50919 3.04911,
	5.50522 3.05506,
	5.51117 3.05704,
	5.50522 3.05902,
	5.50919 3.06497,
	5.50324 3.06101,
	5.50126 3.06696,
	5.49927 3.06101,
	5.49332 3.06497,
	"/>
<Contour name="d01ax40ab2ssvr" hidden="false" closed="true" simplified="false" border="0.5 0 1" fill="0.5 0 1" mode="-13"
 points="5.47944 2.99557,
	5.4735 2.99359,
	5.47944 2.99161,
	5.47548 2.98566,
	5.48143 2.98962,
	5.48341 2.98368,
	5.48539 2.98962,
	5.49134 2.98566,
	5.48738 2.99161,
	5.49332 2.99359,
	5.48738 2.99557,
	5.49134 3.00152,
	5.48539 2.99756,
	5.48341 3.0035,
	5.48143 2.99756,
	5.47548 3.00152,
	"/>
<Contour name="d01ax40ab2ssvr" hidden="false" closed="true" simplified="false" border="0.5 0 1" fill="0.5 0 1" mode="-13"
 points="5.42987 2.97178,
	5.42393 2.9698,
	5.42987 2.96781,
	5.42591 2.96187,
	5.43186 2.96583,
	5.43384 2.95988,
	5.43582 2.96583,
	5.44177 2.96187,
	5.4378 2.96781,
	5.44375 2.9698,
	5.4378 2.97178,
	5.44177 2.97773,
	5.43582 2.97376,
	5.43384 2.97971,
	5.43186 2.97376,
	5.42591 2.97773,
	"/>
<Contour name="d01ax40ab2ssvr" hidden="false" closed="true" simplified="false" border="0.5 0 1" fill="0.5 0 1" mode="-13"
 points="5.49531 2.92617,
	5.48936 2.92419,
	5.49531 2.92221,
	5.49134 2.91626,
	5.49729 2.92023,
	5.49927 2.91428,
	5.50126 2.92023,
	5.5072 2.91626,
	5.50324 2.92221,
	5.50919 2.92419,
	5.50324 2.92617,
	5.5072 2.93212,
	5.50126 2.92816,
	5.49927 2.93411,
	5.49729 2.92816,
	5.49134 2.93212,
	"/>
<Contour name="d01ax40ab2ssvr" hidden="false" closed="true" simplified="false" border="0.5 0 1" fill="0.5 0 1" mode="-13"
 points="5.52307 2.89445,
	5.51712 2.89247,
	5.52307 2.89048,
	5.5191 2.88454,
	5.52505 2.8885,
	5.52703 2.88255,
	5.52902 2.8885,
	5.53496 2.88454,
	5.531 2.89048,
	5.53695 2.89247,
	5.531 2.89445,
	5.53496 2.9004,
	5.52902 2.89643,
	5.52703 2.90238,
	5.52505 2.89643,
	5.5191 2.9004,
	"/>
<Contour name="d01ax40ab2ssvr" hidden="false" closed="true" simplified="false" border="0.5 0 1" fill="0.5 0 1" mode="-13"
 points="5.58255 2.82703,
	5.5766 2.82505,
	5.58255 2.82307,
	5.57859 2.81712,
	5.58453 2.82108,
	5.58652 2.81514,
	5.5885 2.82108,
	5.59445 2.81712,
	5.59048 2.82307,
	5.59643 2.82505,
	5.59048 2.82703,
	5.59445 2.83298,
	5.5885 2.82902,
	5.58652 2.83496,
	5.58453 2.82902,
	5.57859 2.83298,
	"/>
<Contour name="d01ax40ab2ssvr" hidden="false" closed="true" simplified="false" border="0.5 0 1" fill="0.5 0 1" mode="-13"
 points="5.63014 2.83298,
	5.62419 2.831,
	5.63014 2.82902,
	5.62617 2.82307,
	5.63212 2.82703,
	5.6341 2.82108,
	5.63609 2.82703,
	5.64204 2.82307,
	5.63807 2.82902,
	5.64402 2.831,
	5.63807 2.83298,
	5.64204 2.83893,
	5.63609 2.83496,
	5.6341 2.84091,
	5.63212 2.83496,
	5.62617 2.83893,
	"/>
<Contour name="d01ax40ab2ssvr" hidden="false" closed="true" simplified="false" border="0.5 0 1" fill="0.5 0 1" mode="-13"
 points="5.646 2.86669,
	5.64005 2.86471,
	5.646 2.86272,
	5.64204 2.85678,
	5.64798 2.86074,
	5.64997 2.85479,
	5.65195 2.86074,
	5.6579 2.85678,
	5.65393 2.86272,
	5.65988 2.86471,
	5.65393 2.86669,
	5.6579 2.87264,
	5.65195 2.86867,
	5.64997 2.87462,
	5.64798 2.86867,
	5.64204 2.87264,
	"/>
<Contour name="d01ax40ab2ssvr" hidden="false" closed="true" simplified="false" border="0.5 0 1" fill="0.5 0 1" mode="-13"
 points="5.70945 2.84884,
	5.7035 2.84686,
	5.70945 2.84488,
	5.70549 2.83893,
	5.71144 2.8429,
	5.71342 2.83695,
	5.7154 2.8429,
	5.72135 2.83893,
	5.71738 2.84488,
	5.72333 2.84686,
	5.71738 2.84884,
	5.72135 2.85479,
	5.7154 2.85083,
	5.71342 2.85678,
	5.71144 2.85083,
	5.70549 2.85479,
	"/>
<Contour name="d01ax40ab2ssvr" hidden="false" closed="true" simplified="false" border="0.5 0 1" fill="0.5 0 1" mode="-13"
 points="5.67971 2.90238,
	5.67376 2.9004,
	5.67971 2.89841,
	5.67574 2.89247,
	5.68169 2.89643,
	5.68368 2.89048,
	5.68566 2.89643,
	5.69161 2.89247,
	5.68764 2.89841,
	5.69359 2.9004,
	5.68764 2.90238,
	5.69161 2.90833,
	5.68566 2.90436,
	5.68368 2.91031,
	5.68169 2.90436,
	5.67574 2.90833,
	"/>
<Contour name="d01ax40ab2ssvr" hidden="false" closed="true" simplified="false" border="0.5 0 1" fill="0.5 0 1" mode="-13"
 points="5.6004 2.92617,
	5.59445 2.92419,
	5.6004 2.92221,
	5.59643 2.91626,
	5.60238 2.92023,
	5.60436 2.91428,
	5.60635 2.92023,
	5.61229 2.91626,
	5.60833 2.92221,
	5.61428 2.92419,
	5.60833 2.92617,
	5.61229 2.93212,
	5.60635 2.92816,
	5.60436 2.93411,
	5.60238 2.92816,
	5.59643 2.93212,
	"/>
<Contour name="d01ax40ab2ssvr" hidden="false" closed="true" simplified="false" border="0.5 0 1" fill="0.5 0 1" mode="-13"
 points="5.55281 2.96187,
	5.54686 2.95988,
	5.55281 2.9579,
	5.54884 2.95195,
	5.55479 2.95592,
	5.55677 2.94997,
	5.55876 2.95592,
	5.56471 2.95195,
	5.56074 2.9579,
	5.56669 2.95988,
	5.56074 2.96187,
	5.56471 2.96781,
	5.55876 2.96385,
	5.55677 2.9698,
	5.55479 2.96385,
	5.54884 2.96781,
	"/>
<Contour name="d01ax40ab2ssvr" hidden="false" closed="true" simplified="false" border="0.5 0 1" fill="0.5 0 1" mode="-13"
 points="5.52108 3.01738,
	5.51514 3.0154,
	5.52108 3.01342,
	5.51712 3.00747,
	5.52307 3.01144,
	5.52505 3.00549,
	5.52703 3.01144,
	5.53298 3.00747,
	5.52902 3.01342,
	5.53496 3.0154,
	5.52902 3.01738,
	5.53298 3.02333,
	5.52703 3.01937,
	5.52505 3.02532,
	5.52307 3.01937,
	5.51712 3.02333,
	"/>
<Contour name="d01ax40ab2ssvr" hidden="false" closed="true" simplified="false" border="0.5 0 1" fill="0.5 0 1" mode="-13"
 points="5.6341 3.00549,
	5.62816 3.0035,
	5.6341 3.00152,
	5.63014 2.99557,
	5.63609 2.99954,
	5.63807 2.99359,
	5.64005 2.99954,
	5.646 2.99557,
	5.64204 3.00152,
	5.64798 3.0035,
	5.64204 3.00549,
	5.646 3.01144,
	5.64005 3.00747,
	5.63807 3.01342,
	5.63609 3.00747,
	5.63014 3.01144,
	"/>
<Contour name="d01ax40ab2ssvr" hidden="false" closed="true" simplified="false" border="0.5 0 1" fill="0.5 0 1" mode="-13"
 points="5.71937 2.99161,
	5.71342 2.98962,
	5.71937 2.98764,
	5.7154 2.98169,
	5.72135 2.98566,
	5.72333 2.97971,
	5.72531 2.98566,
	5.73126 2.98169,
	5.7273 2.98764,
	5.73325 2.98962,
	5.7273 2.99161,
	5.73126 2.99756,
	5.72531 2.99359,
	5.72333 2.99954,
	5.72135 2.99359,
	5.7154 2.99756,
	"/>
<Contour name="d01ax40ab2ssvr" hidden="false" closed="true" simplified="false" border="0.5 0 1" fill="0.5 0 1" mode="-13"
 points="5.67773 2.94402,
	5.67178 2.94204,
	5.67773 2.94005,
	5.67376 2.93411,
	5.67971 2.93807,
	5.68169 2.93212,
	5.68368 2.93807,
	5.68962 2.93411,
	5.68566 2.94005,
	5.69161 2.94204,
	5.68566 2.94402,
	5.68962 2.94997,
	5.68368 2.946,
	5.68169 2.95195,
	5.67971 2.946,
	5.67376 2.94997,
	"/>
<Contour name="d01ax40ab2ssvr" hidden="false" closed="true" simplified="false" border="0.5 0 1" fill="0.5 0 1" mode="-13"
 points="5.56272 2.98962,
	5.55677 2.98764,
	5.56272 2.98566,
	5.55876 2.97971,
	5.56471 2.98368,
	5.56669 2.97773,
	5.56867 2.98368,
	5.57462 2.97971,
	5.57065 2.98566,
	5.5766 2.98764,
	5.57065 2.98962,
	5.57462 2.99557,
	5.56867 2.99161,
	5.56669 2.99756,
	5.56471 2.99161,
	5.55876 2.99557,
	"/>
</Transform>

<Transform dim="0"
 xcoef=" 0 1 0 0 0 0"
 ycoef=" 0 0 1 0 0 0">
<Contour name="d01ax40ab2c01" hidden="false" closed="true" simplified="true" border="0 1 0" fill="0 1 0" mode="-9"
 points="5.21768 3.0829,
	5.23183 3.07279,
	5.23991 3.06875,
	5.25609 3.07279,
	5.27226 3.08492,
	5.2763 3.093,
	5.27832 3.12535,
	5.27226 3.14152,
	5.26417 3.14961,
	5.25609 3.15365,
	5.23991 3.15365,
	5.23183 3.14759,
	5.22778 3.1395,
	5.22778 3.13141,
	5.22374 3.12737,
	5.21768 3.09503,
	5.21768 3.08694,
	5.21768 3.08492,
	"/>
<Contour name="d01ax40ab2cfa01" hidden="false" closed="false" simplified="false" border="0 1 1" fill="0 1 1" mode="-9"
 points="5.25387 3.15502,
	5.24579 3.11661,
	5.2377 3.07214,
	"/>
</Transform>

<Transform dim="0"
 xcoef=" 0 1 0 0 0 0"
 ycoef=" 0 0 1 0 0 0">
<Contour name="d01p45" hidden="false" closed="true" simplified="false" border="1 1 0" fill="1 1 0" mode="-9"
 points="6.48959 3.09543,
	6.48959 3.04297,
	6.43712 3.04297,
	6.43712 3.08888,
	6.43056 3.09543,
	6.43056 3.03641,
	6.49615 3.03641,
	6.49615 3.10199,
	6.43056 3.10199,
	6.43712 3.09543,
	"/>
</Transform>

<Transform dim="0"
 xcoef=" 0 1 0 0 0 0"
 ycoef=" 0 0 1 0 0 0">
<Contour name="d05p33" hidden="false" closed="true" simplified="false" border="1 0 0.5" fill="1 0 0.5" mode="9"
 points="4.59957 3.1144,
	4.63058 3.1144,
	4.61508 3.14283,
	"/>
</Transform>

<Transform dim="0"
 xcoef=" 0 1 0 0 0 0"
 ycoef=" 0 0 1 0 0 0">
<Contour name="ax17" comment="LK bouton trace named after cfa" hidden="false" closed="true" simplified="true" border="0 1 1" fill="0.502 1 1" mode="9"
 points="5.57488 2.52549,
	5.58244 2.50821,
	5.58676 2.50497,
	5.60405 2.49957,
	5.61269 2.49633,
	5.61701 2.49417,
	5.63429 2.49201,
	5.63861 2.48985,
	5.70775 2.47797,
	5.74231 2.47797,
	5.7596 2.47797,
	5.76824 2.47581,
	5.78552 2.47581,
	5.8028 2.47256,
	5.81144 2.47364,
	5.81577 2.47256,
	5.85033 2.47689,
	5.85465 2.47797,
	5.85897 2.48121,
	5.86005 2.48553,
	5.86221 2.48769,
	5.86437 2.49633,
	5.86221 2.51361,
	5.85789 2.52225,
	5.84277 2.53738,
	5.83413 2.54386,
	5.82981 2.54602,
	5.82765 2.54818,
	5.82333 2.54926,
	5.82117 2.54926,
	5.81361 2.55574,
	5.80496 2.56006,
	5.7704 2.56762,
	5.75311 2.57086,
	5.73583 2.57626,
	5.70126 2.5795,
	5.6667 2.58058,
	5.63213 2.57518,
	5.61485 2.56978,
	5.60621 2.56654,
	5.60189 2.56654,
	5.5846 2.56114,
	5.58136 2.5579,
	5.57704 2.54062,
	5.57488 2.53198,
	5.57488 2.52765,
	5.57488 2.52657,
	"/>
</Transform>

<Transform dim="6"
 xcoef=" 0.155467287139522 0.787987347282469 0.129462143408316 0 0 0"
 ycoef=" 0.07019995392644 0.0530757171772083 1.26002724081749 0 0 0">
<Image mag="0.00223486" contrast="1.248" brightness="-0.105" red="true" green="true" blue="true"
 src="XRZCT.205.jpg" />
<Contour name="domain1" hidden="false" closed="true" simplified="false" border="1 0 1" fill="1 0 1" mode="11"
 points="0 0,
	4083 0,
	4083 4083,
	0 4083,
	"/>
</Transform>

<Transform dim="0"
 xcoef=" 0 1 0 0 0 0"
 ycoef=" 0 0 1 0 0 0">
<Contour name="ax29" comment="LK bouton trace named after cfa" hidden="false" closed="true" simplified="true" border="0 1 1" fill="0.502 1 1" mode="11"
 points="7.45426 4.39971,
	7.47588 4.35198,
	7.48185 4.34005,
	7.48781 4.31619,
	7.50497 4.26846,
	7.51764 4.2446,
	7.52659 4.23266,
	7.53107 4.2267,
	7.53703 4.22148,
	7.54002 4.21849,
	7.56388 4.20731,
	7.58774 4.19761,
	7.59967 4.19314,
	7.61161 4.18717,
	7.61757 4.18419,
	7.6295 4.17375,
	7.63547 4.16928,
	7.65411 4.14616,
	7.6571 4.14318,
	7.68096 4.12975,
	7.69289 4.12304,
	7.70482 4.11782,
	7.71079 4.11484,
	7.71377 4.11335,
	7.7257 4.11185,
	7.73764 4.10813,
	7.74957 4.10589,
	7.7615 4.10216,
	7.76746 4.10067,
	7.79133 4.08799,
	7.80326 4.07979,
	7.80923 4.07606,
	7.83309 4.05592,
	7.84502 4.04698,
	7.85695 4.03654,
	7.88082 4.01938,
	7.89275 4.01118,
	7.90468 4.00596,
	7.91065 4.00298,
	7.93451 3.99627,
	7.94644 3.99328,
	7.9703 3.99254,
	7.98224 3.99328,
	8.0061 3.99105,
	8.01803 3.9903,
	8.024 3.98881,
	8.02698 3.98881,
	8.03891 3.9821,
	8.05084 3.97389,
	8.05681 3.96942,
	8.06277 3.96644,
	8.07471 3.95749,
	8.08664 3.94705,
	8.09857 3.93512,
	8.1187 3.91125,
	8.12318 3.90529,
	8.13511 3.89559,
	8.14108 3.89037,
	8.15301 3.88291,
	8.17687 3.87024,
	8.1888 3.86427,
	8.19179 3.86278,
	8.19701 3.85756,
	8.20894 3.85085,
	8.2328 3.8337,
	8.28053 3.80312,
	8.30439 3.78895,
	8.31036 3.78522,
	8.33422 3.77851,
	8.34019 3.77627,
	8.36405 3.77404,
	8.37598 3.77255,
	8.38791 3.77404,
	8.39985 3.77702,
	8.40581 3.77926,
	8.41774 3.78672,
	8.42893 3.79641,
	8.4334 3.80238,
	8.43266 3.81431,
	8.42818 3.82624,
	8.42669 3.8322,
	8.42147 3.84414,
	8.41849 3.8501,
	8.39537 3.87173,
	8.38344 3.87993,
	8.33571 3.90603,
	8.32378 3.91274,
	8.31185 3.91647,
	8.28799 3.92169,
	8.27605 3.92393,
	8.25219 3.93139,
	8.22833 3.94108,
	8.2164 3.94705,
	8.21043 3.95003,
	8.20745 3.95152,
	8.19775 3.96345,
	8.17165 4.01118,
	8.15003 4.0343,
	8.13809 4.04548,
	8.12616 4.05518,
	8.1023 4.06487,
	8.09037 4.0686,
	8.0844 4.07159,
	8.08142 4.07308,
	8.07545 4.07382,
	8.07247 4.07382,
	8.06949 4.07606,
	8.05755 4.07979,
	8.04562 4.08501,
	8.04264 4.08501,
	8.03667 4.08874,
	8.02474 4.09172,
	8.01281 4.09619,
	8.00088 4.09843,
	7.98895 4.10216,
	7.98298 4.1044,
	7.93525 4.1126,
	7.92332 4.11558,
	7.91736 4.11782,
	7.89349 4.12155,
	7.88156 4.12304,
	7.8577 4.13274,
	7.83383 4.14392,
	7.8219 4.15063,
	7.81892 4.15138,
	7.77194 4.19836,
	7.76448 4.21029,
	7.74584 4.23415,
	7.74286 4.23714,
	7.73987 4.23788,
	7.73391 4.24236,
	7.71004 4.25354,
	7.70706 4.25578,
	7.70631 4.25578,
	7.70109 4.25802,
	7.68916 4.25951,
	7.64144 4.25951,
	7.61757 4.26026,
	7.61161 4.26026,
	7.60862 4.26026,
	7.60564 4.26175,
	7.59371 4.26324,
	7.58774 4.26548,
	7.58476 4.26622,
	7.57879 4.26995,
	7.57581 4.27219,
	7.57283 4.27815,
	7.57507 4.29008,
	7.58178 4.30127,
	7.58625 4.30724,
	7.59147 4.31171,
	7.60042 4.3229,
	7.60191 4.32513,
	7.61235 4.33632,
	7.61757 4.34229,
	7.62503 4.35422,
	7.62727 4.3572,
	7.631 4.36913,
	7.631 4.393,
	7.631 4.39598,
	7.631 4.39747,
	7.6295 4.40045,
	7.60564 4.41611,
	7.58252 4.43923,
	7.57656 4.4452,
	7.55269 4.45937,
	7.54076 4.46533,
	7.5348 4.46757,
	7.52286 4.46981,
	7.499 4.4713,
	7.47514 4.45787,
	7.46917 4.45415,
	7.46171 4.44221,
	7.45873 4.43625,
	7.45724 4.43327,
	7.455 4.42133,
	7.45426 4.4094,
	7.45426 4.40344,
	7.45426 4.40045,
	"/>
</Transform>

<Transform dim="0"
 xcoef=" 0 1 0 0 0 0"
 ycoef=" 0 0 1 0 0 0">
<Contour name="ax11" comment="LK bouton trace named after cfa" hidden="false" closed="true" simplified="true" border="0 1 1" fill="0.502 1 1" mode="11"
 points="2.62707 3.5316,
	2.63481 3.50686,
	2.65877 3.45739,
	2.66573 3.44502,
	2.67578 3.43265,
	2.67887 3.42956,
	2.67964 3.42878,
	2.68428 3.42492,
	2.69665 3.41719,
	2.70206 3.41332,
	2.70516 3.41255,
	2.72912 3.39863,
	2.73531 3.39554,
	2.74768 3.38626,
	2.77087 3.36307,
	2.77705 3.3507,
	2.78092 3.33833,
	2.78169 3.32596,
	2.78169 3.31978,
	2.77396 3.29504,
	2.76932 3.28267,
	2.76855 3.27649,
	2.76778 3.27339,
	2.76932 3.26876,
	2.77628 3.25639,
	2.78015 3.2502,
	2.78169 3.24711,
	2.79406 3.23629,
	2.80025 3.23087,
	2.80643 3.22701,
	2.80952 3.22546,
	2.81261 3.22546,
	2.82266 3.21309,
	2.82808 3.20691,
	2.83117 3.20382,
	2.88065 3.18062,
	2.93012 3.1613,
	2.95486 3.15279,
	2.96723 3.15047,
	2.97342 3.1497,
	2.99815 3.1412,
	3.02289 3.13656,
	3.02908 3.13578,
	3.05382 3.12573,
	3.06 3.12342,
	3.07237 3.1211,
	3.09711 3.11955,
	3.1002 3.11955,
	3.10639 3.11568,
	3.11257 3.11027,
	3.16205 3.08553,
	3.18679 3.07316,
	3.19297 3.07007,
	3.20534 3.06775,
	3.21771 3.06389,
	3.24245 3.05925,
	3.25482 3.05693,
	3.27956 3.04147,
	3.28574 3.03683,
	3.28883 3.03528,
	3.31357 3.01055,
	3.32517 2.99895,
	3.33135 2.99354,
	3.34372 2.98503,
	3.35609 2.97808,
	3.38083 2.9688,
	3.40557 2.96339,
	3.41794 2.95952,
	3.43031 2.95411,
	3.44268 2.94638,
	3.44886 2.94329,
	3.45505 2.93788,
	3.47979 2.92628,
	3.50452 2.92241,
	3.52926 2.92396,
	3.54163 2.93092,
	3.54782 2.93556,
	3.55168 2.94174,
	3.55477 2.94483,
	3.55632 2.94793,
	3.55709 2.96029,
	3.55555 2.96648,
	3.55091 2.97266,
	3.53854 2.98349,
	3.53236 2.9889,
	3.50762 3.00281,
	3.50143 3.00668,
	3.45195 3.02291,
	3.42722 3.03142,
	3.40248 3.03838,
	3.37774 3.04688,
	3.37155 3.04843,
	3.32208 3.07085,
	3.30971 3.07703,
	3.29734 3.0809,
	3.28497 3.08631,
	3.27878 3.08863,
	3.27337 3.09249,
	3.24863 3.09945,
	3.23626 3.10486,
	3.23008 3.10718,
	3.22699 3.1095,
	3.20225 3.11723,
	3.18988 3.12419,
	3.18369 3.12805,
	3.13422 3.14815,
	3.10948 3.16284,
	3.08474 3.18217,
	3.06 3.19995,
	3.01052 3.23165,
	2.99815 3.23938,
	2.99197 3.24247,
	2.9796 3.25252,
	2.97342 3.25793,
	2.96723 3.2618,
	2.95641 3.27339,
	2.95177 3.27958,
	2.94327 3.30432,
	2.93631 3.31669,
	2.90229 3.36616,
	2.89765 3.37235,
	2.89533 3.37853,
	2.88606 3.42801,
	2.88374 3.44038,
	2.88297 3.44656,
	2.88065 3.45275,
	2.88065 3.45584,
	2.87446 3.46821,
	2.87137 3.4744,
	2.8474 3.49681,
	2.82266 3.51769,
	2.8103 3.52774,
	2.78556 3.54088,
	2.77937 3.5432,
	2.767 3.55093,
	2.74226 3.56253,
	2.71753 3.57722,
	2.70516 3.58417,
	2.68042 3.595,
	2.67423 3.59732,
	2.67114 3.59809,
	2.6464 3.595,
	2.63403 3.58649,
	2.63017 3.58031,
	2.62785 3.56794,
	2.62707 3.5432,
	2.62707 3.53701,
	2.62707 3.53392,
	2.62707 3.53238,
	"/>
</Transform>

<Transform dim="0"
 xcoef=" 0 1 0 0 0 0"
 ycoef=" 0 0 1 0 0 0">
<Contour name="d01ax17_DDH" comment="DDH_traced_24july2018" hidden="false" closed="true" simplified="false" border="0 1 0" fill="1 0 0.501961" mode="-9"
 points="2.61479 3.35853,
	2.61479 3.34493,
	2.62839 3.34493,
	2.62839 3.33134,
	2.64198 3.33134,
	2.64198 3.34493,
	2.65558 3.34493,
	2.65558 3.35853,
	2.64198 3.35853,
	2.64198 3.37213,
	2.62839 3.37213,
	2.62839 3.35853,
	"/>
</Transform>

<Transform dim="0"
 xcoef=" 0 1 0 0 0 0"
 ycoef=" 0 0 1 0 0 0">
<Contour name="d01ax18_DDH" comment="DDH_traced_24july2018" hidden="false" closed="true" simplified="false" border="0 1 0" fill="1 0 0.501961" mode="-9"
 points="-0.10824 4.87887,
	-0.10824 4.86832,
	-0.0976914 4.86832,
	-0.0976914 4.85777,
	-0.0871427 4.85777,
	-0.0871427 4.86832,
	-0.076594 4.86832,
	-0.076594 4.87887,
	-0.0871427 4.87887,
	-0.0871427 4.88942,
	-0.0976914 4.88942,
	-0.0976914 4.87887,
	"/>
</Transform>

<Transform dim="0"
 xcoef=" 0 1 0 0 0 0"
 ycoef=" 0 0 1 0 0 0">
<Contour name="d01ax20_DDH" comment="DDH_traced_24july2018" hidden="false" closed="true" simplified="false" border="0 1 0" fill="1 0 0.501961" mode="-9"
 points="7.14265 1.04853,
	7.14265 1.03536,
	7.15582 1.03536,
	7.15582 1.02219,
	7.16899 1.02219,
	7.16899 1.03536,
	7.18216 1.03536,
	7.18216 1.04853,
	7.16899 1.04853,
	7.16899 1.06169,
	7.15582 1.06169,
	7.15582 1.04853,
	"/>
</Transform>

<Transform dim="0"
 xcoef=" 0 1 0 0 0 0"
 ycoef=" 0 0 1 0 0 0">
<Contour name="d01ax25_DDH" comment="DDH_traced_26july2018" hidden="false" closed="true" simplified="false" border="0 1 0" fill="1 0 0.501961" mode="-9"
 points="10.8118 0.466925,
	10.8118 0.448905,
	10.8298 0.448905,
	10.8298 0.430885,
	10.8478 0.430885,
	10.8478 0.448905,
	10.8658 0.448905,
	10.8658 0.466925,
	10.8478 0.466925,
	10.8478 0.484945,
	10.8298 0.484945,
	10.8298 0.466925,
	"/>
</Transform>

<Transform dim="0"
 xcoef=" 0 1 0 0 0 0"
 ycoef=" 0 0 1 0 0 0">
<Contour name="d01ax48_DDH" comment="DDH_traced_24sep2018" hidden="false" closed="true" simplified="false" border="0 1 0" fill="1 0 0.502" mode="-9"
 points="2.28439 5.53624,
	2.28439 5.52336,
	2.29727 5.52336,
	2.29727 5.51048,
	2.31015 5.51048,
	2.31015 5.52336,
	2.32303 5.52336,
	2.32303 5.53624,
	2.31015 5.53624,
	2.31015 5.54912,
	2.29727 5.54912,
	2.29727 5.53624,
	"/>
</Transform>

<Transform dim="0"
 xcoef=" 0 1 0 0 0 0"
 ycoef=" 0 0 1 0 0 0">
<Contour name="ddh_d01ax17" comment="traced 2018-10-29 after previously stamping" hidden="false" closed="true" simplified="true" border="0.501961 1 0.501961" fill="0.501961 1 0.501961" mode="11"
 points="2.54567 3.35603,
	2.5489 3.35038,
	2.5602 3.3415,
	2.56585 3.33746,
	2.57231 3.33504,
	2.57554 3.33262,
	2.57876 3.33181,
	2.58199 3.32939,
	2.58522 3.32858,
	2.58684 3.32697,
	2.61266 3.31809,
	2.61912 3.31567,
	2.62558 3.31486,
	2.62719 3.31325,
	2.64011 3.31163,
	2.64656 3.30921,
	2.65948 3.30679,
	2.66593 3.30437,
	2.67239 3.30356,
	2.674 3.30195,
	2.68692 3.29953,
	2.69338 3.29872,
	2.6966 3.29872,
	2.70306 3.30195,
	2.70629 3.30276,
	2.70952 3.30518,
	2.72243 3.30841,
	2.72889 3.30921,
	2.7305 3.31083,
	2.74342 3.31486,
	2.74907 3.3197,
	2.74987 3.33262,
	2.74987 3.33423,
	2.74826 3.33585,
	2.74261 3.34876,
	2.74019 3.35118,
	2.73857 3.35764,
	2.73696 3.35845,
	2.73615 3.36168,
	2.73454 3.36329,
	2.73454 3.3649,
	2.72647 3.37701,
	2.71598 3.38912,
	2.71275 3.39073,
	2.71113 3.39235,
	2.7079 3.39315,
	2.70629 3.39477,
	2.70306 3.39477,
	2.69015 3.3988,
	2.63849 3.40768,
	2.63203 3.4093,
	2.60621 3.40687,
	2.59329 3.40122,
	2.58684 3.39638,
	2.57796 3.38347,
	2.5715 3.37943,
	2.56827 3.37862,
	2.56666 3.37701,
	2.5602 3.3762,
	2.55455 3.37378,
	2.5489 3.36813,
	2.54567 3.36168,
	2.54567 3.35845,
	2.54567 3.35683,
	"/>
</Transform>

<Transform dim="0"
 xcoef=" 0 1 0 0 0 0"
 ycoef=" 0 0 1 0 0 0">
<Contour name="ddh_d01ax18" comment="traced 2018-10-30 after previously stamping" hidden="false" closed="true" simplified="true" border="0.501961 1 0.501961" fill="0.501961 1 0.501961" mode="11"
 points="-0.214788 4.8911,
	-0.212453 4.88176,
	-0.212453 4.88059,
	-0.210702 4.87826,
	-0.210702 4.87592,
	-0.208951 4.87359,
	-0.208368 4.87125,
	-0.205449 4.86658,
	-0.196694 4.859,
	-0.178017 4.84849,
	-0.175683 4.84732,
	-0.166344 4.83915,
	-0.15934 4.82981,
	-0.157005 4.82514,
	-0.150001 4.81581,
	-0.141246 4.80705,
	-0.136577 4.80296,
	-0.127239 4.79771,
	-0.1179 4.79479,
	-0.0992227 4.79421,
	-0.0898841 4.79421,
	-0.0852148 4.79421,
	-0.0665376 4.79771,
	-0.0478604 4.7983,
	-0.0385218 4.79771,
	-0.0198445 4.79421,
	-0.0151752 4.79246,
	-0.00583663 4.79129,
	-0.00116733 4.79071,
	0.00116733 4.79071,
	0.00350198 4.78954,
	0.0128406 4.78954,
	0.0175099 4.78954,
	0.0361871 4.79538,
	0.0385218 4.79654,
	0.0426074 4.80121,
	0.0449421 4.81055,
	0.0461094 4.81522,
	0.0466931 4.82456,
	0.0472767 4.82923,
	0.0455257 4.83857,
	0.0391054 4.85725,
	0.0350198 4.86658,
	0.0326851 4.87125,
	0.0315178 4.87359,
	0.0303505 4.87476,
	0.0297668 4.87709,
	0.0215955 4.88643,
	0.0175099 4.89051,
	0.00817128 4.89635,
	-0.0291832 4.91444,
	-0.0665376 4.92962,
	-0.0712069 4.93137,
	-0.0805455 4.93254,
	-0.0817128 4.93371,
	-0.0910515 4.93487,
	-0.0957208 4.93487,
	-0.105059 4.93662,
	-0.106227 4.93662,
	-0.110896 4.93954,
	-0.115565 4.94129,
	-0.120235 4.94421,
	-0.124904 4.94596,
	-0.127239 4.94655,
	-0.129573 4.9483,
	-0.138912 4.95063,
	-0.14825 4.95063,
	-0.150585 4.95063,
	-0.151752 4.95063,
	-0.154087 4.94888,
	-0.172764 4.94246,
	-0.191442 4.93429,
	-0.200196 4.92612,
	-0.202531 4.92378,
	-0.212453 4.90511,
	-0.214788 4.89577,
	-0.214788 4.89168,
	"/>
</Transform>

<Transform dim="0"
 xcoef=" 0 1 0 0 0 0"
 ycoef=" 0 0 1 0 0 0">
<Contour name="ddh_d01ax20" comment="traced 2018-11-09 after previously stamping" hidden="false" closed="true" simplified="true" border="0.501961 1 0.501961" fill="0.501961 1 0.501961" mode="11"
 points="7.10124 1.06618,
	7.10189 1.06104,
	7.10189 1.05847,
	7.10382 1.05332,
	7.10382 1.05204,
	7.10575 1.04946,
	7.10703 1.04432,
	7.10832 1.04175,
	7.11732 1.03274,
	7.12182 1.02889,
	7.12697 1.02374,
	7.1289 1.02246,
	7.13147 1.01731,
	7.13147 1.01603,
	7.13918 1.00767,
	7.14626 0.99802,
	7.15526 0.990303,
	7.1604 0.987731,
	7.16298 0.985802,
	7.17262 0.9813,
	7.17777 0.979371,
	7.17905 0.979371,
	7.18034 0.978085,
	7.20092 0.978085,
	7.21121 0.978728,
	7.2215 0.980657,
	7.22664 0.983872,
	7.2305 0.989017,
	7.235 0.992875,
	7.24014 1.00316,
	7.24207 1.01345,
	7.24143 1.02374,
	7.24079 1.02889,
	7.23821 1.03403,
	7.23693 1.03918,
	7.22985 1.04946,
	7.22471 1.05397,
	7.22278 1.05654,
	7.21249 1.06297,
	7.21121 1.06425,
	7.20992 1.06425,
	7.20735 1.06683,
	7.20606 1.06683,
	7.20156 1.07004,
	7.19706 1.07454,
	7.18741 1.08097,
	7.18613 1.08226,
	7.18484 1.08226,
	7.1842 1.08355,
	7.18163 1.08419,
	7.17712 1.08805,
	7.17455 1.08869,
	7.17262 1.09062,
	7.17005 1.09126,
	7.1604 1.09769,
	7.15526 1.09962,
	7.15397 1.09962,
	7.15269 1.10091,
	7.1424 1.10412,
	7.13211 1.10605,
	7.12182 1.10541,
	7.11925 1.10477,
	7.11796 1.10348,
	7.11668 1.10348,
	7.11282 1.09898,
	7.11025 1.09641,
	7.10896 1.09383,
	7.10639 1.09255,
	7.10189 1.08226,
	7.10124 1.07197,
	7.10124 1.06683,
	"/>
</Transform>

</Section>