<?xml version="1.0"?>
<!DOCTYPE Section SYSTEM "section.dtd">

<Section index="209" thickness="0.062" alignLocked="true">
<Transform dim="6"
 xcoef=" 0.0187656374854177 0.808923143851233 0.143606758349837 0 0 0"
 ycoef=" 0.25609185594796 0.0462234911578548 1.24533254849577 0 0 0">
<Image mag="0.00223486" contrast="1.248" brightness="-0.105" red="true" green="true" blue="true"
 src="XRZCT.209.jpg" />
<Contour name="domain1" hidden="false" closed="true" simplified="false" border="1 0 1" fill="1 0 1" mode="11"
 points="0 0,
	4083 0,
	4083 4083,
	0 4083,
	"/>
</Transform>

<Transform dim="0"
 xcoef=" 0 1 0 0 0 0"
 ycoef=" 0 0 1 0 0 0">
<Contour name="d10" hidden="false" closed="true" simplified="true" border="0 1 1" fill="0 1 1" mode="9"
 points="6.66098 0.520436,
	6.68491 0.47258,
	6.69687 0.448652,
	6.71482 0.424724,
	6.75969 0.397804,
	6.85241 0.332002,
	6.89727 0.29611,
	6.91223 0.287137,
	6.95709 0.254236,
	7.00495 0.227317,
	7.19637 0.185443,
	7.29209 0.158524,
	7.30405 0.158524,
	7.31601 0.152542,
	7.41173 0.140578,
	7.45958 0.131604,
	7.48351 0.122631,
	7.50744 0.107676,
	7.55529 0.122631,
	7.60315 0.125622,
	7.61511 0.131604,
	7.63904 0.134595,
	7.65101 0.137587,
	7.67493 0.155533,
	7.6869 0.164506,
	7.73475 0.167497,
	7.75868 0.17647,
	7.78261 0.194416,
	7.78859 0.20638,
	7.78859 0.230308,
	7.78261 0.242272,
	7.73475 0.269191,
	7.71083 0.290128,
	7.67194 0.334993,
	7.62409 0.364903,
	7.60315 0.388831,
	7.57623 0.436688,
	7.57025 0.448652,
	7.57025 0.47258,
	7.58221 0.520436,
	7.58221 0.5324,
	7.5882 0.544364,
	7.5882 0.640076,
	7.5882 0.664004,
	7.58221 0.675969,
	7.53137 0.720834,
	7.52538 0.720834,
	7.51342 0.729807,
	7.41771 0.73878,
	7.22628 0.73878,
	7.13057 0.73878,
	7.08271 0.753735,
	7.07075 0.759717,
	7.02289 0.762708,
	6.99897 0.762708,
	6.97504 0.76869,
	6.87933 0.76869,
	6.8554 0.76869,
	6.83147 0.759717,
	6.8225 0.735789,
	6.8225 0.640076,
	6.8225 0.628112,
	6.77464 0.595211,
	6.67893 0.574274,
	6.66696 0.568292,
	6.66098 0.556328,
	6.66098 0.5324,
	6.66098 0.523427,
	"/>
<Contour name="d10" hidden="false" closed="true" simplified="true" border="0 1 1" fill="0 1 1" mode="9"
 points="6.40076 0.963106,
	6.40974 0.939177,
	6.41572 0.927213,
	6.46357 0.891321,
	6.51143 0.861411,
	6.55929 0.840474,
	6.60714 0.82851,
	6.61911 0.822528,
	6.71482 0.810564,
	6.73875 0.810564,
	6.76268 0.82851,
	6.76268 0.852438,
	6.76268 0.864402,
	6.75669 0.876366,
	6.73576 0.900294,
	6.72678 0.912258,
	6.72379 1.00797,
	6.72379 1.05583,
	6.71482 1.07975,
	6.70884 1.08574,
	6.70884 1.09172,
	6.6879 1.10967,
	6.67893 1.12163,
	6.65799 1.13359,
	6.65201 1.13958,
	6.62808 1.14556,
	6.58022 1.14556,
	6.53237 1.13658,
	6.5204 1.13359,
	6.51442 1.12761,
	6.49049 1.11864,
	6.46657 1.0977,
	6.43366 1.05284,
	6.40974 1.00498,
	6.40076 0.981052,
	6.40076 0.969088,
	6.40076 0.966097,
	"/>
</Transform>

<Transform dim="0"
 xcoef=" 0 1 0 0 0 0"
 ycoef=" 0 0 1 0 0 0">
<Contour name="d05" hidden="false" closed="true" simplified="true" border="1 1 0" fill="1 1 0" mode="9"
 points="4.52728 2.85311,
	4.54576 2.82354,
	4.55684 2.80876,
	4.58271 2.79028,
	4.63445 2.73484,
	4.66032 2.71267,
	4.6788 2.6905,
	4.70467 2.66463,
	4.72315 2.63876,
	4.75272 2.61289,
	4.7638 2.5981,
	4.7712 2.5981,
	4.80076 2.57593,
	4.81554 2.56484,
	4.83033 2.56115,
	4.88946 2.52788,
	4.90424 2.52049,
	4.91163 2.52049,
	4.92272 2.5094,
	5.04098 2.48353,
	5.15925 2.46506,
	5.27751 2.46875,
	5.33664 2.47245,
	5.39577 2.46506,
	5.45491 2.44658,
	5.48447 2.43549,
	5.5436 2.43919,
	5.57317 2.43919,
	5.60274 2.46136,
	5.61752 2.47614,
	5.62861 2.50571,
	5.62861 2.52049,
	5.62861 2.52788,
	5.62121 2.53528,
	5.62121 2.54267,
	5.61382 2.55006,
	5.61382 2.55745,
	5.59534 2.57962,
	5.56947 2.60549,
	5.55469 2.63136,
	5.5436 2.64615,
	5.53991 2.66093,
	5.52143 2.6905,
	5.51404 2.70528,
	5.51404 2.71267,
	5.50665 2.71637,
	5.49926 2.74593,
	5.49186 2.75332,
	5.48817 2.76811,
	5.42904 2.80876,
	5.39947 2.83093,
	5.35512 2.87898,
	5.34034 2.89376,
	5.28121 2.91963,
	5.22208 2.93811,
	5.19251 2.9492,
	5.18512 2.9492,
	5.17773 2.95659,
	5.11859 2.97876,
	5.1112 2.97876,
	5.10381 2.98615,
	4.98555 3.02681,
	4.92642 3.04529,
	4.89685 3.05268,
	4.77859 3.04529,
	4.71946 3.0342,
	4.66032 3.01203,
	4.64554 3.00463,
	4.63815 3.00463,
	4.63445 2.99724,
	4.60489 2.98615,
	4.57532 2.96768,
	4.56054 2.96028,
	4.54576 2.9455,
	4.54206 2.93072,
	4.54206 2.92333,
	4.53467 2.91594,
	4.52728 2.88637,
	4.52728 2.8568,
	"/>
</Transform>

<Transform dim="0"
 xcoef=" 0 1 0 0 0 0"
 ycoef=" 0 0 1 0 0 0">
<Contour name="d01" hidden="false" closed="true" simplified="true" border="1 0.5 0" fill="1 0.5 0" mode="9"
 points="6.39951 2.84223,
	6.41746 2.82129,
	6.42943 2.80932,
	6.4773 2.79137,
	6.48926 2.79137,
	6.5132 2.7824,
	6.52517 2.7794,
	6.54611 2.76444,
	6.55808 2.75547,
	6.58201 2.74649,
	6.60594 2.72256,
	6.64185 2.68666,
	6.68373 2.64477,
	6.70767 2.62383,
	6.73759 2.58194,
	6.75254 2.55801,
	6.7675 2.51014,
	6.77648 2.4862,
	6.77947 2.46227,
	6.78246 2.4503,
	6.82136 2.40543,
	6.83632 2.38149,
	6.85427 2.36354,
	6.89316 2.31567,
	6.91709 2.29174,
	6.93505 2.27079,
	6.94402 2.26481,
	6.97992 2.21993,
	6.99488 2.19899,
	7.00386 2.18702,
	7.00386 2.16309,
	7.01283 2.13915,
	7.01283 2.13317,
	7.03378 2.11522,
	7.04275 2.10325,
	7.06369 2.09128,
	7.07566 2.07932,
	7.08164 2.07932,
	7.10259 2.05837,
	7.12652 2.06137,
	7.12951 2.0853,
	7.12951 2.09128,
	7.14148 2.10026,
	7.13849 2.12419,
	7.12054 2.14813,
	7.11455 2.1571,
	7.11156 2.15411,
	7.10558 2.16608,
	7.10558 2.17805,
	7.0996 2.19001,
	7.09361 2.196,
	7.07865 2.24387,
	7.07865 2.24985,
	7.07267 2.25583,
	7.06669 2.27977,
	7.06669 2.3037,
	7.06669 2.31567,
	7.0996 2.35756,
	7.14746 2.38747,
	7.16542 2.40543,
	7.21029 2.43534,
	7.22824 2.45928,
	7.23722 2.47125,
	7.2462 2.49518,
	7.2462 2.50116,
	7.26714 2.52211,
	7.31501 2.54903,
	7.36288 2.54903,
	7.37484 2.54903,
	7.38083 2.55502,
	7.40476 2.561,
	7.41673 2.56698,
	7.4257 2.57895,
	7.42271 2.60289,
	7.41673 2.61485,
	7.39279 2.6358,
	7.34792 2.66571,
	7.32398 2.68666,
	7.29406 2.73153,
	7.27911 2.75547,
	7.23423 2.80035,
	7.21329 2.82129,
	7.18935 2.83625,
	7.16542 2.85719,
	7.1355 2.90506,
	7.12054 2.92899,
	7.0996 2.94994,
	7.07566 2.9649,
	7.02779 2.97686,
	6.97992 2.99481,
	6.93205 3.02174,
	6.88718 3.04268,
	6.87521 3.04568,
	6.82734 3.0726,
	6.77947 3.09354,
	6.7675 3.10252,
	6.76152 3.1085,
	6.75554 3.1085,
	6.74357 3.11748,
	6.64783 3.12645,
	6.59996 3.12645,
	6.57603 3.12346,
	6.55209 3.1115,
	6.54312 3.09953,
	6.53713 3.09354,
	6.51619 3.04568,
	6.51021 3.03371,
	6.49824 3.02772,
	6.49525 3.02174,
	6.48926 3.02174,
	6.46832 3.00379,
	6.45635 2.99781,
	6.43242 2.97686,
	6.41447 2.95592,
	6.40549 2.93199,
	6.40549 2.88412,
	6.39951 2.87215,
	6.39951 2.84822,
	6.39951 2.84522,
	"/>
</Transform>

<Transform dim="0"
 xcoef=" 0 1 0 0 0 0"
 ycoef=" 0 0 1 0 0 0">
<Contour name="d01ax40ab2ssvr" hidden="false" closed="true" simplified="false" border="0.5 0 1" fill="0.5 0 1" mode="-13"
 points="5.58255 2.80324,
	5.5766 2.80126,
	5.58255 2.79927,
	5.57859 2.79332,
	5.58453 2.79729,
	5.58652 2.79134,
	5.5885 2.79729,
	5.59445 2.79332,
	5.59048 2.79927,
	5.59643 2.80126,
	5.59048 2.80324,
	5.59445 2.80919,
	5.5885 2.80522,
	5.58652 2.81117,
	5.58453 2.80522,
	5.57859 2.80919,
	"/>
<Contour name="d01ax40ab2ssvr" hidden="false" closed="true" simplified="false" border="0.5 0 1" fill="0.5 0 1" mode="-13"
 points="5.53893 2.82307,
	5.53298 2.82108,
	5.53893 2.8191,
	5.53496 2.81315,
	5.54091 2.81712,
	5.54289 2.81117,
	5.54488 2.81712,
	5.55083 2.81315,
	5.54686 2.8191,
	5.55281 2.82108,
	5.54686 2.82307,
	5.55083 2.82902,
	5.54488 2.82505,
	5.54289 2.831,
	5.54091 2.82505,
	5.53496 2.82902,
	"/>
<Contour name="d01ax40ab2ssvr" hidden="false" closed="true" simplified="false" border="0.5 0 1" fill="0.5 0 1" mode="-13"
 points="5.56669 2.86867,
	5.56074 2.86669,
	5.56669 2.86471,
	5.56272 2.85876,
	5.56867 2.86272,
	5.57065 2.85678,
	5.57264 2.86272,
	5.57859 2.85876,
	5.57462 2.86471,
	5.58057 2.86669,
	5.57462 2.86867,
	5.57859 2.87462,
	5.57264 2.87066,
	5.57065 2.8766,
	5.56867 2.87066,
	5.56272 2.87462,
	"/>
<Contour name="d01ax40ab2ssvr" hidden="false" closed="true" simplified="false" border="0.5 0 1" fill="0.5 0 1" mode="-13"
 points="5.5072 2.87264,
	5.50126 2.87066,
	5.5072 2.86867,
	5.50324 2.86272,
	5.50919 2.86669,
	5.51117 2.86074,
	5.51315 2.86669,
	5.5191 2.86272,
	5.51514 2.86867,
	5.52108 2.87066,
	5.51514 2.87264,
	5.5191 2.87859,
	5.51315 2.87462,
	5.51117 2.88057,
	5.50919 2.87462,
	5.50324 2.87859,
	"/>
<Contour name="d01ax40ab2ssvr" hidden="false" closed="true" simplified="false" border="0.5 0 1" fill="0.5 0 1" mode="-13"
 points="5.59643 2.94799,
	5.59048 2.946,
	5.59643 2.94402,
	5.59247 2.93807,
	5.59841 2.94204,
	5.6004 2.93609,
	5.60238 2.94204,
	5.60833 2.93807,
	5.60436 2.94402,
	5.61031 2.946,
	5.60436 2.94799,
	5.60833 2.95393,
	5.60238 2.94997,
	5.6004 2.95592,
	5.59841 2.94997,
	5.59247 2.95393,
	"/>
</Transform>

<Transform dim="0"
 xcoef=" 0 1 0 0 0 0"
 ycoef=" 0 0 1 0 0 0">
<Contour name="d01ax40ab2ssvd" hidden="false" closed="true" simplified="false" border="1 0.5 0" fill="1 0.5 0" mode="-13"
 points="5.43186 2.99359,
	5.43186 2.98962,
	5.43582 2.98566,
	5.43979 2.98566,
	5.44375 2.98962,
	5.44375 2.99359,
	5.43979 2.99756,
	5.43582 2.99756,
	"/>
<Contour name="d01ax40ab2ssvd" hidden="false" closed="true" simplified="false" border="1 0.5 0" fill="1 0.5 0" mode="-13"
 points="5.51117 3.07489,
	5.51117 3.07092,
	5.51514 3.06696,
	5.5191 3.06696,
	5.52307 3.07092,
	5.52307 3.07489,
	5.5191 3.07885,
	5.51514 3.07885,
	"/>
</Transform>

<Transform dim="0"
 xcoef=" 0 1 0 0 0 0"
 ycoef=" 0 0 1 0 0 0">
<Contour name="d01ax40ab2c01" hidden="false" closed="true" simplified="true" border="0 1 0" fill="0 1 0" mode="-9"
 points="5.31269 2.95352,
	5.32684 2.93936,
	5.35919 2.92926,
	5.36727 2.92926,
	5.37536 2.94543,
	5.3794 2.9616,
	5.38951 2.97777,
	5.39355 2.98586,
	5.39355 2.9899,
	5.41175 3.02225,
	5.4259 3.05459,
	5.44611 3.08492,
	5.46026 3.09705,
	5.47442 3.10513,
	5.48857 3.11928,
	5.49261 3.12737,
	5.49261 3.14354,
	5.49059 3.15163,
	5.47644 3.16376,
	5.44409 3.16982,
	5.42792 3.16982,
	5.41175 3.16174,
	5.38547 3.13141,
	5.37131 3.11524,
	5.37131 3.1112,
	5.35312 3.08087,
	5.34099 3.0647,
	5.33695 3.05662,
	5.33695 3.05257,
	5.33291 3.05055,
	5.33088 3.01821,
	5.33088 3.01012,
	5.31875 2.97777,
	5.31269 2.9616,
	5.31269 2.95554,
	"/>
<Contour name="d01ax40ab2cfa01" hidden="false" closed="false" simplified="false" border="0 1 1" fill="0 1 1" mode="-9"
 points="5.47422 3.16513,
	5.45199 3.14289,
	5.40347 3.08427,
	5.36708 2.99734,
	5.33878 2.93467,
	"/>
</Transform>

<Transform dim="0"
 xcoef=" 0 1 0 0 0 0"
 ycoef=" 0 0 1 0 0 0">
<Contour name="d08" hidden="false" closed="true" simplified="true" border="1 1 0" fill="1 0 0.5" mode="9"
 points="4.26632 4.94451,
	4.33018 4.90459,
	4.418 4.79283,
	4.48187 4.75291,
	4.73734 4.68106,
	4.86507 4.64114,
	4.9928 4.67308,
	5.05667 4.69703,
	5.0886 4.69703,
	5.20037 4.82476,
	5.2323 4.88863,
	5.25625 5.01636,
	5.22432 5.04829,
	5.09659 5.10418,
	5.03272 5.13611,
	4.90499 5.17603,
	4.64952 5.18401,
	4.52179 5.16804,
	4.45792 5.16006,
	4.33018 5.11216,
	4.30623 5.11216,
	4.28228 5.09619,
	4.25833 4.96846,
	4.25833 4.96048,
	"/>
</Transform>

<Transform dim="0"
 xcoef=" 0 1 0 0 0 0"
 ycoef=" 0 0 1 0 0 0">
<Contour name="ax11" comment="LK bouton trace named after cfa" hidden="false" closed="true" simplified="true" border="0 1 1" fill="0.502 1 1" mode="11"
 points="1.65554 4.14723,
	1.65973 4.13606,
	1.67648 4.11512,
	1.68765 4.10815,
	1.69323 4.10396,
	1.7044 4.09977,
	1.74907 4.07325,
	1.79374 4.04254,
	1.8049 4.03556,
	1.81468 4.02439,
	1.82165 4.01322,
	1.82584 4.00764,
	1.82863 4.00485,
	1.82863 4.00206,
	1.8398 3.99229,
	1.84259 3.9867,
	1.86493 3.97414,
	1.9096 3.96576,
	1.91518 3.96576,
	1.93751 3.95599,
	1.94868 3.95041,
	1.97102 3.93366,
	2.01569 3.90993,
	2.03802 3.89876,
	2.06035 3.89038,
	2.07152 3.8862,
	2.11619 3.85688,
	2.13852 3.84572,
	2.18319 3.84153,
	2.20553 3.84013,
	2.22786 3.84153,
	2.2502 3.82896,
	2.25578 3.82617,
	2.27393 3.80384,
	2.28928 3.7815,
	2.30743 3.75917,
	2.32976 3.74381,
	2.33535 3.73963,
	2.35768 3.72986,
	2.36885 3.72427,
	2.38002 3.72148,
	2.3856 3.72148,
	2.39677 3.71729,
	2.40793 3.7159,
	2.43027 3.70473,
	2.43585 3.70333,
	2.45819 3.68519,
	2.50286 3.64331,
	2.50844 3.63773,
	2.51402 3.63493,
	2.53636 3.6126,
	2.54752 3.60143,
	2.56567 3.5791,
	2.59359 3.53443,
	2.60197 3.51209,
	2.61592 3.48976,
	2.61872 3.48418,
	2.62988 3.47441,
	2.65222 3.46324,
	2.66338 3.46045,
	2.68572 3.45905,
	2.70805 3.46045,
	2.71364 3.46324,
	2.71783 3.47022,
	2.71503 3.4758,
	2.71503 3.47859,
	2.70666 3.48976,
	2.68432 3.5093,
	2.67455 3.52047,
	2.66199 3.5428,
	2.6578 3.54839,
	2.65361 3.57072,
	2.65361 3.61539,
	2.65222 3.63773,
	2.65082 3.64889,
	2.64663 3.66006,
	2.63965 3.67123,
	2.62988 3.68239,
	2.60755 3.69915,
	2.58521 3.71171,
	2.56288 3.7159,
	2.55171 3.71869,
	2.52938 3.72008,
	2.50704 3.72986,
	2.50146 3.73404,
	2.49727 3.75638,
	2.48192 3.80105,
	2.48052 3.80663,
	2.46517 3.82896,
	2.44283 3.84572,
	2.4205 3.85828,
	2.37583 3.87643,
	2.37024 3.87643,
	2.36745 3.87922,
	2.34512 3.8848,
	2.33395 3.88899,
	2.28928 3.89318,
	2.27812 3.89318,
	2.25578 3.89736,
	2.21111 3.91551,
	2.19994 3.92109,
	2.18878 3.92389,
	2.17761 3.93366,
	2.16644 3.94064,
	2.14411 3.95041,
	2.13294 3.95739,
	2.12736 3.95878,
	2.11619 3.96716,
	2.09386 3.97833,
	2.08269 3.98391,
	2.06035 4.00206,
	2.05477 4.00624,
	2.04221 4.02858,
	2.03523 4.03975,
	2.02964 4.04533,
	2.01848 4.05231,
	2.00871 4.06348,
	2.00173 4.07464,
	1.99754 4.09698,
	1.99614 4.14165,
	1.99195 4.16398,
	1.98777 4.17515,
	1.96543 4.18911,
	1.9431 4.1933,
	1.89843 4.19609,
	1.80909 4.18911,
	1.71975 4.18911,
	1.67508 4.1905,
	1.6695 4.1919,
	1.67788 4.20307,
	1.68067 4.20865,
	1.68206 4.21005,
	1.67927 4.21144,
	1.65694 4.19609,
	1.65554 4.15142,
	1.65554 4.14863,
	"/>
</Transform>

<Transform dim="0"
 xcoef=" 0 1 0 0 0 0"
 ycoef=" 0 0 1 0 0 0">
<Contour name="d01ax17_DDH" comment="DDH_traced_24july2018" hidden="false" closed="true" simplified="false" border="0 1 0" fill="1 0 0.501961" mode="-9"
 points="2.60799 3.40952,
	2.60799 3.39592,
	2.62159 3.39592,
	2.62159 3.38233,
	2.63518 3.38233,
	2.63518 3.39592,
	2.64878 3.39592,
	2.64878 3.40952,
	2.63518 3.40952,
	2.63518 3.42312,
	2.62159 3.42312,
	2.62159 3.40952,
	"/>
</Transform>

<Transform dim="0"
 xcoef=" 0 1 0 0 0 0"
 ycoef=" 0 0 1 0 0 0">
<Contour name="d01ax18_DDH" comment="DDH_traced_24july2018" hidden="false" closed="true" simplified="false" border="0 1 0" fill="1 0 0.501961" mode="-9"
 points="-0.101647 4.93029,
	-0.101647 4.91974,
	-0.0910985 4.91974,
	-0.0910985 4.9092,
	-0.0805498 4.9092,
	-0.0805498 4.91974,
	-0.0700011 4.91974,
	-0.0700011 4.93029,
	-0.0805498 4.93029,
	-0.0805498 4.94084,
	-0.0910985 4.94084,
	-0.0910985 4.93029,
	"/>
</Transform>

<Transform dim="0"
 xcoef=" 0 1 0 0 0 0"
 ycoef=" 0 0 1 0 0 0">
<Contour name="d01ax20_DDH" comment="DDH_traced_24july2018" hidden="false" closed="true" simplified="false" border="0 1 0" fill="1 0 0.501961" mode="-9"
 points="7.15417 0.918486,
	7.15417 0.905317,
	7.16734 0.905317,
	7.16734 0.892149,
	7.18051 0.892149,
	7.18051 0.905317,
	7.19368 0.905317,
	7.19368 0.918486,
	7.18051 0.918486,
	7.18051 0.931654,
	7.16734 0.931654,
	7.16734 0.918486,
	"/>
</Transform>

<Transform dim="0"
 xcoef=" 0 1 0 0 0 0"
 ycoef=" 0 0 1 0 0 0">
<Contour name="d01ax25_DDH" comment="DDH_traced_26july2018" hidden="false" closed="true" simplified="false" border="0 1 0" fill="1 0 0.501961" mode="-9"
 points="10.6406 0.32727,
	10.6406 0.30925,
	10.6586 0.30925,
	10.6586 0.29123,
	10.6766 0.29123,
	10.6766 0.30925,
	10.6947 0.30925,
	10.6947 0.32727,
	10.6766 0.32727,
	10.6766 0.34529,
	10.6586 0.34529,
	10.6586 0.32727,
	"/>
</Transform>

<Transform dim="0"
 xcoef=" 0 1 0 0 0 0"
 ycoef=" 0 0 1 0 0 0">
<Contour name="d01ax48_DDH" comment="DDH_traced_24sep2018" hidden="false" closed="true" simplified="false" border="0 1 0" fill="1 0 0.502" mode="-9"
 points="2.37295 5.58938,
	2.37295 5.5765,
	2.38583 5.5765,
	2.38583 5.56361,
	2.39871 5.56361,
	2.39871 5.5765,
	2.41159 5.5765,
	2.41159 5.58938,
	2.39871 5.58938,
	2.39871 5.60226,
	2.38583 5.60226,
	2.38583 5.58938,
	"/>
</Transform>

<Transform dim="0"
 xcoef=" 0 1 0 0 0 0"
 ycoef=" 0 0 1 0 0 0">
<Contour name="ddh_d01ax17" comment="traced 2018-10-29 after previously stamping" hidden="false" closed="true" simplified="true" border="0.501961 1 0.501961" fill="0.501961 1 0.501961" mode="11"
 points="2.53034 3.41414,
	2.53437 3.40122,
	2.54244 3.38912,
	2.54486 3.38589,
	2.54486 3.38427,
	2.54971 3.37862,
	2.55536 3.37459,
	2.55616 3.37298,
	2.56908 3.36733,
	2.57554 3.36329,
	2.58764 3.35925,
	2.5941 3.35764,
	2.64576 3.35845,
	2.65867 3.35845,
	2.6845 3.36248,
	2.71033 3.37055,
	2.71678 3.37298,
	2.72001 3.37378,
	2.72163 3.3754,
	2.73454 3.37943,
	2.741 3.38185,
	2.74422 3.38427,
	2.74342 3.39073,
	2.73938 3.39719,
	2.73777 3.39719,
	2.72485 3.40445,
	2.7192 3.40849,
	2.71598 3.4093,
	2.70952 3.41333,
	2.6966 3.41898,
	2.69015 3.42302,
	2.68692 3.42382,
	2.6853 3.42544,
	2.68208 3.42625,
	2.67562 3.43109,
	2.6506 3.44642,
	2.64414 3.45046,
	2.63123 3.45449,
	2.62477 3.45611,
	2.59894 3.45449,
	2.58603 3.45288,
	2.57957 3.44965,
	2.56666 3.44562,
	2.56343 3.44319,
	2.5602 3.44239,
	2.55859 3.44239,
	2.55213 3.43835,
	2.53922 3.4327,
	2.53276 3.42705,
	2.53034 3.4206,
	2.53034 3.41495,
	"/>
</Transform>

<Transform dim="0"
 xcoef=" 0 1 0 0 0 0"
 ycoef=" 0 0 1 0 0 0">
<Contour name="ddh_d01ax18" comment="traced 2018-10-30 after previously stamping" hidden="false" closed="true" simplified="true" border="0.501961 1 0.501961" fill="0.501961 1 0.501961" mode="11"
 points="-0.161675 4.97923,
	-0.159924 4.97456,
	-0.155838 4.97048,
	-0.146499 4.96406,
	-0.142997 4.95997,
	-0.141246 4.95764,
	-0.139496 4.95297,
	-0.138912 4.94363,
	-0.140079 4.93896,
	-0.140079 4.93662,
	-0.141246 4.93546,
	-0.14183 4.93312,
	-0.14183 4.93195,
	-0.145332 4.92728,
	-0.145332 4.92612,
	-0.151752 4.91678,
	-0.154087 4.91211,
	-0.154087 4.91094,
	-0.155254 4.90977,
	-0.156422 4.90511,
	-0.156422 4.90044,
	-0.153503 4.8911,
	-0.15292 4.88876,
	-0.149418 4.88409,
	-0.147083 4.88001,
	-0.140079 4.87184,
	-0.133659 4.8625,
	-0.12899 4.85783,
	-0.12432 4.85433,
	-0.122569 4.85258,
	-0.120235 4.85199,
	-0.1179 4.85024,
	-0.115565 4.84966,
	-0.110896 4.84674,
	-0.106227 4.84499,
	-0.103892 4.84382,
	-0.0945534 4.84207,
	-0.0758762 4.84149,
	-0.0665376 4.84149,
	-0.0618683 4.84149,
	-0.0595336 4.84149,
	-0.0583663 4.84149,
	-0.0577827 4.84032,
	-0.0531134 4.83974,
	-0.0437747 4.83623,
	-0.0391054 4.83448,
	-0.0344361 4.8339,
	-0.0250975 4.83098,
	-0.0157589 4.82923,
	-0.0064203 4.82923,
	-0.00175099 4.83098,
	0.00291832 4.83098,
	0.00525297 4.83215,
	0.00992227 4.83215,
	0.0122569 4.83273,
	0.0134243 4.83273,
	0.0145916 4.8339,
	0.0192609 4.83507,
	0.0204282 4.83623,
	0.0227629 4.83682,
	0.0321015 4.84265,
	0.0414401 4.85024,
	0.0490277 4.85958,
	0.0531134 4.86425,
	0.0560317 4.86892,
	0.0577827 4.87009,
	0.0630356 4.87942,
	0.0630356 4.88059,
	0.0647866 4.88293,
	0.0653703 4.88526,
	0.0682886 4.88993,
	0.0694559 4.8946,
	0.0706232 4.89693,
	0.0700396 4.90627,
	0.0694559 4.91094,
	0.0677049 4.91561,
	0.0647866 4.92028,
	0.0647866 4.92145,
	0.0612846 4.92612,
	0.0531134 4.93312,
	0.051946 4.93312,
	0.0513624 4.93429,
	0.050195 4.93429,
	0.0461094 4.93779,
	0.0414401 4.94013,
	0.0391054 4.94013,
	0.0373544 4.94188,
	0.0350198 4.94246,
	0.0326851 4.94421,
	0.0233465 4.94771,
	0.0221792 4.94888,
	0.0175099 4.95063,
	0.0134243 4.95355,
	0.00875495 4.9553,
	0.00758762 4.9553,
	0.0064203 4.95647,
	0.00408564 4.95705,
	0.00291832 4.95822,
	-0.00175099 4.95939,
	-0.00291832 4.95939,
	-0.00408564 4.96055,
	-0.00875495 4.96172,
	-0.0110896 4.96289,
	-0.0157589 4.96347,
	-0.0180936 4.96464,
	-0.0274322 4.96581,
	-0.0367708 4.96872,
	-0.0414401 4.97106,
	-0.0437747 4.97223,
	-0.0449421 4.97339,
	-0.0542807 4.97748,
	-0.05895 4.97981,
	-0.0601173 4.97981,
	-0.060701 4.98098,
	-0.0618683 4.98098,
	-0.0665376 4.9839,
	-0.0741252 4.99149,
	-0.0782109 4.99557,
	-0.0869658 5.00141,
	-0.0881331 5.00258,
	-0.0893005 5.00258,
	-0.0904678 5.00374,
	-0.0998064 5.00666,
	-0.109145 5.00608,
	-0.127822 5.00316,
	-0.137161 5.00024,
	-0.146499 4.99908,
	-0.155838 4.99557,
	-0.158756 4.99149,
	-0.161675 4.98215,
	-0.161675 4.97981,
	"/>
</Transform>

<Transform dim="0"
 xcoef=" 0 1 0 0 0 0"
 ycoef=" 0 0 1 0 0 0">
<Contour name="ddh_d01ax20" comment="traced 2018-11-09 after previously stamping" hidden="false" closed="true" simplified="true" border="0.501961 1 0.501961" fill="0.501961 1 0.501961" mode="11"
 points="7.0425 0.918323,
	7.04453 0.912917,
	7.04453 0.907511,
	7.04656 0.896699,
	7.04723 0.885888,
	7.04858 0.880482,
	7.05129 0.875076,
	7.05264 0.872373,
	7.05804 0.866967,
	7.06683 0.858183,
	7.06953 0.852777,
	7.07832 0.842641,
	7.08913 0.83318,
	7.1094 0.820341,
	7.12021 0.813584,
	7.12427 0.810205,
	7.13508 0.803448,
	7.13643 0.803448,
	7.13778 0.802097,
	7.14859 0.798718,
	7.154 0.796691,
	7.1567 0.795339,
	7.1594 0.795339,
	7.18103 0.787906,
	7.18373 0.787906,
	7.18643 0.786555,
	7.20806 0.785879,
	7.22968 0.786555,
	7.23238 0.78723,
	7.23374 0.78723,
	7.23509 0.788582,
	7.24049 0.790609,
	7.2459 0.794664,
	7.24793 0.796015,
	7.25671 0.806151,
	7.26144 0.816963,
	7.26347 0.827774,
	7.26482 0.830477,
	7.26549 0.841289,
	7.26414 0.862913,
	7.26212 0.868319,
	7.26144 0.873724,
	7.26144 0.875076,
	7.26009 0.876427,
	7.25671 0.887239,
	7.25536 0.892645,
	7.25468 0.895348,
	7.25266 0.898051,
	7.24995 0.908863,
	7.24522 0.919674,
	7.24252 0.92508,
	7.24252 0.926432,
	7.24117 0.927783,
	7.24117 0.929135,
	7.23509 0.939946,
	7.22765 0.950082,
	7.21752 0.960218,
	7.21211 0.963597,
	7.21144 0.964949,
	7.20873 0.965624,
	7.20603 0.967651,
	7.20333 0.967651,
	7.19792 0.97103,
	7.17697 0.979815,
	7.17562 0.981166,
	7.16481 0.985221,
	7.1594 0.987248,
	7.154 0.990626,
	7.1513 0.991302,
	7.14859 0.993329,
	7.13778 0.996708,
	7.13238 0.998735,
	7.11075 0.999411,
	7.08913 0.997384,
	7.08372 0.996032,
	7.07832 0.992654,
	7.07291 0.987924,
	7.07021 0.985221,
	7.06683 0.98049,
	7.06615 0.977787,
	7.06413 0.975085,
	7.06345 0.972382,
	7.06142 0.969679,
	7.06075 0.966976,
	7.0594 0.965624,
	7.05196 0.944001,
	7.05129 0.941298,
	7.04723 0.935892,
	7.04521 0.933189,
	7.04318 0.928459,
	7.0425 0.923053,
	7.0425 0.92035,
	7.0425 0.918999,
	"/>
</Transform>

</Section>