<?xml version="1.0"?>
<!DOCTYPE Section SYSTEM "section.dtd">

<Section index="207" thickness="0.062" alignLocked="true">
<Transform dim="6"
 xcoef=" 0.0888205467296719 0.789203147415483 0.141264551128039 0 0 0"
 ycoef=" 0.0597739551148753 0.0531192196281668 1.25712285225957 0 0 0">
<Image mag="0.00223486" contrast="1.248" brightness="-0.105" red="true" green="true" blue="true"
 src="XRZCT.207.jpg" />
<Contour name="domain1" hidden="false" closed="true" simplified="false" border="1 0 1" fill="1 0 1" mode="11"
 points="0 0,
	4083 0,
	4083 4083,
	0 4083,
	"/>
</Transform>

<Transform dim="0"
 xcoef=" 0 1 0 0 0 0"
 ycoef=" 0 0 1 0 0 0">
<Contour name="d08" hidden="false" closed="true" simplified="true" border="1 1 0" fill="1 0 0.5" mode="9"
 points="4.48068 4.82682,
	4.51171 4.79101,
	4.51649 4.78146,
	4.52126 4.77669,
	4.52126 4.77191,
	4.54036 4.75998,
	4.61675 4.73133,
	4.69314 4.70985,
	4.71223 4.70746,
	4.72178 4.70746,
	4.73133 4.70269,
	4.75043 4.7003,
	4.76953 4.69075,
	4.77907 4.68359,
	4.78862 4.6812,
	4.79817 4.67404,
	4.80295 4.67404,
	4.80772 4.66927,
	4.82682 4.66688,
	4.83637 4.66927,
	4.91275 4.6621,
	4.98914 4.6621,
	4.99869 4.6621,
	5.00824 4.66688,
	5.01302 4.66688,
	5.02256 4.67404,
	5.04166 4.67881,
	5.05121 4.6812,
	5.08463 4.70746,
	5.12044 4.74327,
	5.15624 4.76953,
	5.16579 4.7743,
	5.24218 4.7743,
	5.25173 4.78385,
	5.2565 4.80295,
	5.26605 4.81249,
	5.2756 4.81488,
	5.29231 4.82682,
	5.31141 4.83398,
	5.3496 4.86024,
	5.36631 4.87695,
	5.37586 4.8865,
	5.37825 4.92469,
	5.37586 4.96288,
	5.35199 4.99869,
	5.33528 5.0154,
	5.29709 5.03927,
	5.27799 5.05121,
	5.26128 5.05837,
	5.24457 5.07031,
	5.20637 5.08702,
	5.18728 5.09179,
	5.1825 5.09657,
	5.16341 5.10134,
	5.15386 5.1085,
	5.14908 5.1085,
	5.12999 5.12044,
	5.12044 5.1276,
	5.11089 5.12999,
	5.10134 5.13715,
	5.02495 5.15863,
	4.98676 5.15863,
	4.96766 5.15863,
	4.92946 5.14431,
	4.91037 5.13476,
	4.83398 5.13476,
	4.75759 5.12282,
	4.73849 5.11566,
	4.7003 5.08702,
	4.69075 5.08224,
	4.67165 5.06315,
	4.65972 5.04405,
	4.62391 5.01302,
	4.58572 4.9963,
	4.56662 4.99153,
	4.56184 4.99153,
	4.54275 4.97721,
	4.5332 4.96766,
	4.52842 4.95811,
	4.52842 4.91992,
	4.52604 4.90082,
	4.49023 4.87933,
	4.48068 4.86024,
	4.48068 4.84114,
	4.48068 4.83159,
	4.48068 4.8292,
	"/>
</Transform>

<Transform dim="0"
 xcoef=" 0 1 0 0 0 0"
 ycoef=" 0 0 1 0 0 0">
<Contour name="d08p35" hidden="false" closed="true" simplified="false" border="1 1 0" fill="1 1 0" mode="-13"
 points="4.61491 4.93661,
	4.61491 4.89633,
	4.57464 4.89633,
	4.57464 4.93157,
	4.56961 4.93661,
	4.56961 4.8913,
	4.61995 4.8913,
	4.61995 4.94164,
	4.56961 4.94164,
	4.57464 4.93661,
	"/>
</Transform>

<Transform dim="0"
 xcoef=" 0 1 0 0 0 0"
 ycoef=" 0 0 1 0 0 0">
<Contour name="d10" hidden="false" closed="true" simplified="true" border="0 1 1" fill="0 1 1" mode="9"
 points="6.50844 0.990025,
	6.5563 0.960115,
	6.58022 0.948151,
	6.60415 0.930204,
	6.6221 0.909267,
	6.64603 0.88833,
	6.66995 0.873375,
	6.67594 0.873375,
	6.67893 0.867393,
	6.68491 0.867393,
	6.69089 0.861411,
	6.73875 0.840474,
	6.75071 0.834492,
	6.75669 0.834492,
	6.76866 0.825519,
	6.77464 0.825519,
	6.8225 0.792618,
	6.84642 0.76869,
	6.85839 0.762708,
	6.90624 0.717843,
	6.95111 0.67896,
	6.96008 0.666995,
	6.96307 0.643067,
	6.96307 0.631103,
	6.96307 0.625121,
	6.91522 0.601193,
	6.89129 0.595211,
	6.84343 0.595211,
	6.81951 0.59222,
	6.79558 0.583247,
	6.78361 0.583247,
	6.76268 0.568292,
	6.76268 0.544364,
	6.79558 0.50249,
	6.80455 0.496508,
	6.82549 0.475571,
	6.84942 0.460616,
	6.87334 0.451643,
	6.9212 0.421733,
	7.01691 0.370885,
	7.11262 0.314056,
	7.16048 0.293119,
	7.20834 0.278164,
	7.25619 0.257227,
	7.28012 0.242272,
	7.32798 0.227317,
	7.37583 0.218344,
	7.47155 0.215353,
	7.49547 0.215353,
	7.5194 0.209371,
	7.52837 0.203389,
	7.54034 0.191425,
	7.56427 0.182452,
	7.65998 0.182452,
	7.70784 0.182452,
	7.75569 0.191425,
	7.8514 0.194416,
	7.87533 0.194416,
	7.8873 0.200398,
	7.90823 0.221335,
	7.9202 0.230308,
	7.92618 0.242272,
	7.92618 0.2662,
	7.9202 0.290128,
	7.9202 0.302092,
	7.9202 0.308074,
	7.91122 0.320038,
	7.90524 0.32602,
	7.90225 0.337984,
	7.88431 0.358921,
	7.86038 0.379858,
	7.84243 0.400795,
	7.79457 0.439679,
	7.74971 0.487535,
	7.73176 0.511463,
	7.71681 0.526418,
	7.71083 0.550346,
	7.71083 0.646058,
	7.71083 0.693915,
	7.70185 0.717843,
	7.69886 0.729807,
	7.68989 0.741771,
	7.66596 0.756726,
	7.61811 0.774672,
	7.59418 0.783645,
	7.58221 0.789627,
	7.39079 0.783645,
	7.29508 0.783645,
	7.19936 0.795609,
	7.15151 0.807573,
	7.0558 0.807573,
	7.03187 0.807573,
	7.00794 0.816546,
	6.91223 0.873375,
	6.86736 0.900294,
	6.84343 0.921231,
	6.82848 0.945159,
	6.82848 0.969088,
	6.83147 0.981052,
	6.8554 0.996007,
	6.86736 1.00199,
	6.87933 1.01395,
	6.88531 1.02592,
	6.88531 1.07377,
	6.88531 1.08574,
	6.84642 1.1306,
	6.83446 1.14257,
	6.7866 1.16949,
	6.73875 1.17846,
	6.64304 1.17846,
	6.61911 1.17547,
	6.60714 1.16949,
	6.60116 1.16949,
	6.57723 1.14855,
	6.56826 1.13658,
	6.56228 1.1306,
	6.5563 1.10667,
	6.51442 1.07078,
	6.50844 1.06779,
	6.50844 1.01993,
	6.50844 0.996007,
	6.50844 0.993016,
	"/>
</Transform>

<Transform dim="0"
 xcoef=" 0 1 0 0 0 0"
 ycoef=" 0 0 1 0 0 0">
<Contour name="d05" hidden="false" closed="true" simplified="true" border="1 1 0" fill="1 1 0" mode="9"
 points="3.86574 3.49986,
	3.87683 3.4703,
	3.9027 3.45182,
	3.91748 3.44073,
	3.94705 3.42964,
	4.00618 3.43334,
	4.03574 3.44443,
	4.15401 3.44812,
	4.18357 3.45921,
	4.19836 3.48878,
	4.20205 3.50356,
	4.19466 3.53312,
	4.18357 3.54791,
	4.12814 3.58486,
	4.09857 3.59595,
	4.08379 3.60334,
	4.02466 3.60704,
	3.96553 3.60334,
	3.91009 3.56269,
	3.899 3.5516,
	3.89161 3.5516,
	3.86574 3.52573,
	3.86574 3.51095,
	3.86574 3.50356,
	"/>
</Transform>

<Transform dim="0"
 xcoef=" 0 1 0 0 0 0"
 ycoef=" 0 0 1 0 0 0">
<Contour name="d05c33" hidden="false" closed="true" simplified="true" border="1 0 0" fill="0 1 0" mode="9"
 points="3.8221 3.52934,
	3.83565 3.50766,
	3.85734 3.49411,
	3.86818 3.48868,
	3.87903 3.48868,
	3.88716 3.49953,
	3.88987 3.51037,
	3.92511 3.54832,
	3.94679 3.56458,
	3.96848 3.57272,
	3.97932 3.58356,
	3.98203 3.62693,
	3.9739 3.63777,
	3.93053 3.64048,
	3.90884 3.63777,
	3.898 3.63506,
	3.85734 3.59982,
	3.8465 3.58898,
	3.84108 3.56729,
	3.83294 3.55645,
	3.83294 3.55103,
	3.82481 3.54019,
	3.8221 3.53206,
	"/>
<Contour name="d05cfa33" hidden="false" closed="false" simplified="false" border="0 1 1" fill="0 1 1" mode="-13"
 points="3.97856 3.60818,
	3.9108 3.55939,
	3.86471 3.51331,
	3.86471 3.4862,
	"/>
</Transform>

<Transform dim="0"
 xcoef=" 0 1 0 0 0 0"
 ycoef=" 0 0 1 0 0 0">
<Contour name="d01" hidden="false" closed="true" simplified="true" border="1 0.5 0" fill="1 0.5 0" mode="9"
 points="6.35762 2.89608,
	6.38156 2.87514,
	6.42943 2.84522,
	6.45336 2.82727,
	6.46533 2.8183,
	6.4773 2.81531,
	6.48328 2.80932,
	6.57902 2.7824,
	6.60295 2.77641,
	6.61492 2.77342,
	6.63886 2.75846,
	6.66279 2.73752,
	6.70168 2.70461,
	6.71664 2.68367,
	6.73759 2.66871,
	6.76152 2.64477,
	6.79443 2.59989,
	6.80939 2.58194,
	6.83033 2.55801,
	6.84828 2.54006,
	6.87222 2.51911,
	6.92009 2.49518,
	6.93205 2.4892,
	6.93804 2.48321,
	6.94402 2.48321,
	6.94701 2.47723,
	6.953 2.47723,
	6.95599 2.47125,
	7.05173 2.46825,
	7.06369 2.46825,
	7.08763 2.4892,
	7.08763 2.48321,
	7.09361 2.48022,
	7.11455 2.50116,
	7.13849 2.51313,
	7.23423 2.51911,
	7.25816 2.52809,
	7.3539 2.53407,
	7.40177 2.53407,
	7.4257 2.53707,
	7.47357 2.57596,
	7.47357 2.58194,
	7.48853 2.60588,
	7.48554 2.62981,
	7.47058 2.65076,
	7.47058 2.65674,
	7.43169 2.69862,
	7.40775 2.71957,
	7.35988 2.74949,
	7.33595 2.77043,
	7.32997 2.79436,
	7.30603 2.8183,
	7.27013 2.85719,
	7.25517 2.87813,
	7.2432 2.8901,
	7.22824 2.91404,
	7.22226 2.926,
	7.22226 2.93199,
	7.21329 2.94395,
	7.2073 2.94994,
	7.20431 2.9619,
	7.18337 2.97986,
	7.1714 2.98584,
	7.16542 2.98584,
	7.14148 3.00379,
	7.11755 3.00977,
	7.06968 3.01277,
	7.04574 3.02473,
	7.03378 3.03072,
	7.02779 3.0367,
	7.02181 3.0367,
	7.01582 3.04268,
	6.99189 3.05166,
	6.96796 3.06961,
	6.94402 3.08158,
	6.89615 3.11449,
	6.84828 3.14141,
	6.8423 3.1474,
	6.74656 3.16236,
	6.65082 3.15936,
	6.60295 3.15039,
	6.57902 3.14441,
	6.56705 3.14141,
	6.52217 3.09654,
	6.51021 3.08756,
	6.50422 3.07559,
	6.45935 3.03072,
	6.36959 2.96789,
	6.36062 2.95592,
	6.35762 2.90805,
	6.35762 2.89908,
	"/>
</Transform>

<Transform dim="0"
 xcoef=" 0 1 0 0 0 0"
 ycoef=" 0 0 1 0 0 0">
<Contour name="d01c43" hidden="false" closed="true" simplified="true" border="1 0 0" fill="0 1 0" mode="9"
 points="4.64873 3.27199,
	4.67853 3.24617,
	4.69443 3.23623,
	4.70237 3.23226,
	4.76595 3.23226,
	4.79773 3.23226,
	4.80171 3.23425,
	4.80171 3.29782,
	4.79773 3.32961,
	4.79773 3.33358,
	4.7878 3.34947,
	4.77389 3.36139,
	4.74211 3.36338,
	4.72621 3.36338,
	4.71032 3.35742,
	4.68052 3.33159,
	4.66661 3.32365,
	4.65668 3.30775,
	4.65072 3.29186,
	4.64873 3.27597,
	4.64873 3.27398,
	"/>
</Transform>

<Transform dim="1"
 xcoef=" 0.01 1 0 0 0 0"
 ycoef=" 0.01 0 1 0 0 0">
<Contour name="d01cfa43" hidden="false" closed="true" simplified="true" border="0 1 0" fill="0 1 0" mode="9"
 points="4.64873 3.27199,
	4.67853 3.24617,
	4.69443 3.23623,
	4.70237 3.23226,
	4.76595 3.23226,
	4.79773 3.23226,
	4.80171 3.23425,
	4.80171 3.29782,
	4.79773 3.32961,
	4.79773 3.33358,
	4.7878 3.34947,
	4.77389 3.36139,
	4.74211 3.36338,
	4.72621 3.36338,
	4.71032 3.35742,
	4.68052 3.33159,
	4.66661 3.32365,
	4.65668 3.30775,
	4.65072 3.29186,
	4.64873 3.27597,
	4.64873 3.27398,
	"/>
<Contour name="d01cfa43" hidden="false" closed="false" simplified="false" border="0 1 1" fill="0 1 1" mode="9"
 points="4.78204 3.35401,
	4.79396 3.33812,
	4.79793 3.2964,
	4.79595 3.24475,
	"/>
</Transform>

<Transform dim="0"
 xcoef=" 0 1 0 0 0 0"
 ycoef=" 0 0 1 0 0 0">
<Contour name="d01c45" hidden="false" closed="true" simplified="true" border="1 0 0" fill="0 1 0" mode="9"
 points="6.34532 2.94023,
	6.35526 2.92433,
	6.37115 2.92433,
	6.3791 2.92433,
	6.44068 2.96804,
	6.44267 2.96406,
	6.45062 2.96605,
	6.4685 2.99784,
	6.49432 3.02565,
	6.50823 3.03757,
	6.51022 3.04154,
	6.51816 3.04353,
	6.52412 3.04949,
	6.53207 3.05148,
	6.54796 3.0634,
	6.56187 3.07929,
	6.59167 3.10114,
	6.59961 3.10512,
	6.60359 3.10512,
	6.62544 3.13492,
	6.62941 3.14286,
	6.62941 3.15876,
	6.62941 3.16273,
	6.62147 3.16869,
	6.60557 3.17266,
	6.58968 3.17266,
	6.55789 3.16273,
	6.542 3.1528,
	6.48042 3.0932,
	6.45062 3.06538,
	6.44267 3.06141,
	6.43671 3.05346,
	6.43075 3.03757,
	6.42678 3.02962,
	6.36916 2.98393,
	6.35327 2.974,
	6.34731 2.96804,
	6.34532 2.95215,
	6.34532 2.9442,
	6.34532 2.94221,
	"/>
<Contour name="d01cfa45" hidden="false" closed="false" simplified="false" border="0 1 1" fill="0 1 1" mode="9"
 points="6.62955 3.15528,
	6.562 3.12945,
	6.5183 3.09568,
	6.46466 3.04602,
	6.41499 2.99039,
	6.36334 2.95066,
	6.36731 2.91887,
	"/>
</Transform>

<Transform dim="0"
 xcoef=" 0 1 0 0 0 0"
 ycoef=" 0 0 1 0 0 0">
<Contour name="d01ax40ab2ssvr" hidden="false" closed="true" simplified="false" border="0.5 0 1" fill="0.5 0 1" mode="-13"
 points="5.46556 2.98566,
	5.45962 2.98368,
	5.46556 2.98169,
	5.4616 2.97575,
	5.46755 2.97971,
	5.46953 2.97376,
	5.47151 2.97971,
	5.47746 2.97575,
	5.4735 2.98169,
	5.47944 2.98368,
	5.4735 2.98566,
	5.47746 2.99161,
	5.47151 2.98764,
	5.46953 2.99359,
	5.46755 2.98764,
	5.4616 2.99161,
	"/>
<Contour name="d01ax40ab2ssvr" hidden="false" closed="true" simplified="false" border="0.5 0 1" fill="0.5 0 1" mode="-13"
 points="5.49134 3.02135,
	5.48539 3.01937,
	5.49134 3.01738,
	5.48738 3.01144,
	5.49332 3.0154,
	5.49531 3.00945,
	5.49729 3.0154,
	5.50324 3.01144,
	5.49927 3.01738,
	5.50522 3.01937,
	5.49927 3.02135,
	5.50324 3.0273,
	5.49729 3.02333,
	5.49531 3.02928,
	5.49332 3.02333,
	5.48738 3.0273,
	"/>
<Contour name="d01ax40ab2ssvr" hidden="false" closed="true" simplified="false" border="0.5 0 1" fill="0.5 0 1" mode="-13"
 points="5.49927 3.06299,
	5.49332 3.06101,
	5.49927 3.05902,
	5.49531 3.05308,
	5.50126 3.05704,
	5.50324 3.05109,
	5.50522 3.05704,
	5.51117 3.05308,
	5.5072 3.05902,
	5.51315 3.06101,
	5.5072 3.06299,
	5.51117 3.06894,
	5.50522 3.06497,
	5.50324 3.07092,
	5.50126 3.06497,
	5.49531 3.06894,
	"/>
<Contour name="d01ax40ab2ssvr" hidden="false" closed="true" simplified="false" border="0.5 0 1" fill="0.5 0 1" mode="-13"
 points="5.52307 3.09273,
	5.51712 3.09075,
	5.52307 3.08877,
	5.5191 3.08282,
	5.52505 3.08678,
	5.52703 3.08083,
	5.52902 3.08678,
	5.53496 3.08282,
	5.531 3.08877,
	5.53695 3.09075,
	5.531 3.09273,
	5.53496 3.09868,
	5.52902 3.09471,
	5.52703 3.10066,
	5.52505 3.09471,
	5.5191 3.09868,
	"/>
<Contour name="d01ax40ab2ssvr" hidden="false" closed="true" simplified="false" border="0.5 0 1" fill="0.5 0 1" mode="-13"
 points="5.56471 3.13239,
	5.55876 3.13041,
	5.56471 3.12842,
	5.56074 3.12247,
	5.56669 3.12644,
	5.56867 3.12049,
	5.57065 3.12644,
	5.5766 3.12247,
	5.57264 3.12842,
	5.57859 3.13041,
	5.57264 3.13239,
	5.5766 3.13834,
	5.57065 3.13437,
	5.56867 3.14032,
	5.56669 3.13437,
	5.56074 3.13834,
	"/>
<Contour name="d01ax40ab2ssvr" hidden="false" closed="true" simplified="false" border="0.5 0 1" fill="0.5 0 1" mode="-13"
 points="5.59643 3.07885,
	5.59048 3.07687,
	5.59643 3.07489,
	5.59247 3.06894,
	5.59841 3.0729,
	5.6004 3.06696,
	5.60238 3.0729,
	5.60833 3.06894,
	5.60436 3.07489,
	5.61031 3.07687,
	5.60436 3.07885,
	5.60833 3.0848,
	5.60238 3.08083,
	5.6004 3.08678,
	5.59841 3.08083,
	5.59247 3.0848,
	"/>
<Contour name="d01ax40ab2ssvr" hidden="false" closed="true" simplified="false" border="0.5 0 1" fill="0.5 0 1" mode="-13"
 points="5.61031 3.14032,
	5.60436 3.13834,
	5.61031 3.13635,
	5.60635 3.13041,
	5.61229 3.13437,
	5.61428 3.12842,
	5.61626 3.13437,
	5.62221 3.13041,
	5.61824 3.13635,
	5.62419 3.13834,
	5.61824 3.14032,
	5.62221 3.14627,
	5.61626 3.1423,
	5.61428 3.14825,
	5.61229 3.1423,
	5.60635 3.14627,
	"/>
<Contour name="d01ax40ab2ssvr" hidden="false" closed="true" simplified="false" border="0.5 0 1" fill="0.5 0 1" mode="-13"
 points="5.7035 3.04911,
	5.69756 3.04713,
	5.7035 3.04514,
	5.69954 3.0392,
	5.70549 3.04316,
	5.70747 3.03721,
	5.70945 3.04316,
	5.7154 3.0392,
	5.71144 3.04514,
	5.71738 3.04713,
	5.71144 3.04911,
	5.7154 3.05506,
	5.70945 3.05109,
	5.70747 3.05704,
	5.70549 3.05109,
	5.69954 3.05506,
	"/>
<Contour name="d01ax40ab2ssvr" hidden="false" closed="true" simplified="false" border="0.5 0 1" fill="0.5 0 1" mode="-13"
 points="5.68962 2.98368,
	5.68368 2.98169,
	5.68962 2.97971,
	5.68566 2.97376,
	5.69161 2.97773,
	5.69359 2.97178,
	5.69557 2.97773,
	5.70152 2.97376,
	5.69756 2.97971,
	5.7035 2.98169,
	5.69756 2.98368,
	5.70152 2.98962,
	5.69557 2.98566,
	5.69359 2.99161,
	5.69161 2.98566,
	5.68566 2.98962,
	"/>
<Contour name="d01ax40ab2ssvr" hidden="false" closed="true" simplified="false" border="0.5 0 1" fill="0.5 0 1" mode="-13"
 points="5.62419 2.9698,
	5.61824 2.96781,
	5.62419 2.96583,
	5.62023 2.95988,
	5.62617 2.96385,
	5.62816 2.9579,
	5.63014 2.96385,
	5.63609 2.95988,
	5.63212 2.96583,
	5.63807 2.96781,
	5.63212 2.9698,
	5.63609 2.97575,
	5.63014 2.97178,
	5.62816 2.97773,
	5.62617 2.97178,
	5.62023 2.97575,
	"/>
<Contour name="d01ax40ab2ssvr" hidden="false" closed="true" simplified="false" border="0.5 0 1" fill="0.5 0 1" mode="-13"
 points="5.56074 2.99557,
	5.55479 2.99359,
	5.56074 2.99161,
	5.55677 2.98566,
	5.56272 2.98962,
	5.56471 2.98368,
	5.56669 2.98962,
	5.57264 2.98566,
	5.56867 2.99161,
	5.57462 2.99359,
	5.56867 2.99557,
	5.57264 3.00152,
	5.56669 2.99756,
	5.56471 3.0035,
	5.56272 2.99756,
	5.55677 3.00152,
	"/>
<Contour name="d01ax40ab2ssvr" hidden="false" closed="true" simplified="false" border="0.5 0 1" fill="0.5 0 1" mode="-13"
 points="5.52505 2.95988,
	5.5191 2.9579,
	5.52505 2.95592,
	5.52108 2.94997,
	5.52703 2.95393,
	5.52902 2.94799,
	5.531 2.95393,
	5.53695 2.94997,
	5.53298 2.95592,
	5.53893 2.9579,
	5.53298 2.95988,
	5.53695 2.96583,
	5.531 2.96187,
	5.52902 2.96781,
	5.52703 2.96187,
	5.52108 2.96583,
	"/>
<Contour name="d01ax40ab2ssvr" hidden="false" closed="true" simplified="false" border="0.5 0 1" fill="0.5 0 1" mode="-13"
 points="5.47746 2.91824,
	5.47151 2.91626,
	5.47746 2.91428,
	5.4735 2.90833,
	5.47944 2.91229,
	5.48143 2.90635,
	5.48341 2.91229,
	5.48936 2.90833,
	5.48539 2.91428,
	5.49134 2.91626,
	5.48539 2.91824,
	5.48936 2.92419,
	5.48341 2.92023,
	5.48143 2.92617,
	5.47944 2.92023,
	5.4735 2.92419,
	"/>
<Contour name="d01ax40ab2ssvr" hidden="false" closed="true" simplified="false" border="0.5 0 1" fill="0.5 0 1" mode="-13"
 points="5.53496 2.92221,
	5.52902 2.92023,
	5.53496 2.91824,
	5.531 2.91229,
	5.53695 2.91626,
	5.53893 2.91031,
	5.54091 2.91626,
	5.54686 2.91229,
	5.54289 2.91824,
	5.54884 2.92023,
	5.54289 2.92221,
	5.54686 2.92816,
	5.54091 2.92419,
	5.53893 2.93014,
	5.53695 2.92419,
	5.531 2.92816,
	"/>
<Contour name="d01ax40ab2ssvr" hidden="false" closed="true" simplified="false" border="0.5 0 1" fill="0.5 0 1" mode="-13"
 points="5.57462 2.90833,
	5.56867 2.90635,
	5.57462 2.90436,
	5.57065 2.89841,
	5.5766 2.90238,
	5.57859 2.89643,
	5.58057 2.90238,
	5.58652 2.89841,
	5.58255 2.90436,
	5.5885 2.90635,
	5.58255 2.90833,
	5.58652 2.91428,
	5.58057 2.91031,
	5.57859 2.91626,
	5.5766 2.91031,
	5.57065 2.91428,
	"/>
<Contour name="d01ax40ab2ssvr" hidden="false" closed="true" simplified="false" border="0.5 0 1" fill="0.5 0 1" mode="-13"
 points="5.64402 2.88652,
	5.63807 2.88454,
	5.64402 2.88255,
	5.64005 2.8766,
	5.646 2.88057,
	5.64798 2.87462,
	5.64997 2.88057,
	5.65592 2.8766,
	5.65195 2.88255,
	5.6579 2.88454,
	5.65195 2.88652,
	5.65592 2.89247,
	5.64997 2.8885,
	5.64798 2.89445,
	5.646 2.8885,
	5.64005 2.89247,
	"/>
<Contour name="d01ax40ab2ssvr" hidden="false" closed="true" simplified="false" border="0.5 0 1" fill="0.5 0 1" mode="-13"
 points="5.61824 2.93212,
	5.61229 2.93014,
	5.61824 2.92816,
	5.61428 2.92221,
	5.62023 2.92617,
	5.62221 2.92023,
	5.62419 2.92617,
	5.63014 2.92221,
	5.62617 2.92816,
	5.63212 2.93014,
	5.62617 2.93212,
	5.63014 2.93807,
	5.62419 2.93411,
	5.62221 2.94005,
	5.62023 2.93411,
	5.61428 2.93807,
	"/>
<Contour name="d01ax40ab2ssvr" hidden="false" closed="true" simplified="false" border="0.5 0 1" fill="0.5 0 1" mode="-13"
 points="5.6698 2.91229,
	5.66385 2.91031,
	5.6698 2.90833,
	5.66583 2.90238,
	5.67178 2.90635,
	5.67376 2.9004,
	5.67574 2.90635,
	5.68169 2.90238,
	5.67773 2.90833,
	5.68368 2.91031,
	5.67773 2.91229,
	5.68169 2.91824,
	5.67574 2.91428,
	5.67376 2.92023,
	5.67178 2.91428,
	5.66583 2.91824,
	"/>
<Contour name="d01ax40ab2ssvr" hidden="false" closed="true" simplified="false" border="0.5 0 1" fill="0.5 0 1" mode="-13"
 points="5.68368 2.85479,
	5.67773 2.85281,
	5.68368 2.85083,
	5.67971 2.84488,
	5.68566 2.84884,
	5.68764 2.8429,
	5.68962 2.84884,
	5.69557 2.84488,
	5.69161 2.85083,
	5.69756 2.85281,
	5.69161 2.85479,
	5.69557 2.86074,
	5.68962 2.85678,
	5.68764 2.86272,
	5.68566 2.85678,
	5.67971 2.86074,
	"/>
<Contour name="d01ax40ab2ssvr" hidden="false" closed="true" simplified="false" border="0.5 0 1" fill="0.5 0 1" mode="-13"
 points="5.61229 2.84488,
	5.60635 2.8429,
	5.61229 2.84091,
	5.60833 2.83496,
	5.61428 2.83893,
	5.61626 2.83298,
	5.61824 2.83893,
	5.62419 2.83496,
	5.62023 2.84091,
	5.62617 2.8429,
	5.62023 2.84488,
	5.62419 2.85083,
	5.61824 2.84686,
	5.61626 2.85281,
	5.61428 2.84686,
	5.60833 2.85083,
	"/>
<Contour name="d01ax40ab2ssvr" hidden="false" closed="true" simplified="false" border="0.5 0 1" fill="0.5 0 1" mode="-13"
 points="5.61031 2.79531,
	5.60436 2.79332,
	5.61031 2.79134,
	5.60635 2.78539,
	5.61229 2.78936,
	5.61428 2.78341,
	5.61626 2.78936,
	5.62221 2.78539,
	5.61824 2.79134,
	5.62419 2.79332,
	5.61824 2.79531,
	5.62221 2.80126,
	5.61626 2.79729,
	5.61428 2.80324,
	5.61229 2.79729,
	5.60635 2.80126,
	"/>
<Contour name="d01ax40ab2ssvr" hidden="false" closed="true" simplified="false" border="0.5 0 1" fill="0.5 0 1" mode="-13"
 points="5.49927 2.88454,
	5.49332 2.88255,
	5.49927 2.88057,
	5.49531 2.87462,
	5.50126 2.87859,
	5.50324 2.87264,
	5.50522 2.87859,
	5.51117 2.87462,
	5.5072 2.88057,
	5.51315 2.88255,
	5.5072 2.88454,
	5.51117 2.89048,
	5.50522 2.88652,
	5.50324 2.89247,
	5.50126 2.88652,
	5.49531 2.89048,
	"/>
<Contour name="d01ax40ab2ssvr" hidden="false" closed="true" simplified="false" border="0.5 0 1" fill="0.5 0 1" mode="-13"
 points="5.76101 2.92221,
	5.75506 2.92023,
	5.76101 2.91824,
	5.75704 2.91229,
	5.76299 2.91626,
	5.76497 2.91031,
	5.76695 2.91626,
	5.7729 2.91229,
	5.76894 2.91824,
	5.77489 2.92023,
	5.76894 2.92221,
	5.7729 2.92816,
	5.76695 2.92419,
	5.76497 2.93014,
	5.76299 2.92419,
	5.75704 2.92816,
	"/>
</Transform>

<Transform dim="0"
 xcoef=" 0 1 0 0 0 0"
 ycoef=" 0 0 1 0 0 0">
<Contour name="d01ax40ab2ssvd" hidden="false" closed="true" simplified="false" border="1 0.5 0" fill="1 0.5 0" mode="-13"
 points="5.42194 3.0392,
	5.42194 3.03523,
	5.42591 3.03126,
	5.42987 3.03126,
	5.43384 3.03523,
	5.43384 3.0392,
	5.42987 3.04316,
	5.42591 3.04316,
	"/>
<Contour name="d01ax40ab2ssvd" hidden="false" closed="true" simplified="false" border="1 0.5 0" fill="1 0.5 0" mode="-13"
 points="5.45763 3.11653,
	5.45763 3.11256,
	5.4616 3.10859,
	5.46556 3.10859,
	5.46953 3.11256,
	5.46953 3.11653,
	5.46556 3.12049,
	5.4616 3.12049,
	"/>
</Transform>

<Transform dim="0"
 xcoef=" 0 1 0 0 0 0"
 ycoef=" 0 0 1 0 0 0">
<Contour name="d01ax40ab2c01" hidden="false" closed="true" simplified="true" border="0 1 0" fill="0 1 0" mode="-9"
 points="5.28843 3.02629,
	5.29652 3.01821,
	5.31067 3.0081,
	5.31875 3.00405,
	5.33493 3.00405,
	5.3511 3.01214,
	5.35716 3.01821,
	5.37738 3.0829,
	5.38142 3.08694,
	5.39355 3.11928,
	5.39355 3.12737,
	5.3976 3.13546,
	5.3976 3.1678,
	5.39355 3.20015,
	5.38344 3.21632,
	5.37738 3.22441,
	5.36929 3.22845,
	5.35312 3.22643,
	5.33695 3.21834,
	5.31067 3.18802,
	5.30056 3.17185,
	5.30056 3.1395,
	5.30258 3.12333,
	5.3046 3.11524,
	5.30258 3.0829,
	5.30258 3.06672,
	5.29247 3.05055,
	5.28843 3.04246,
	5.28843 3.02831,
	"/>
<Contour name="d01ax40ab2cfa01" hidden="false" closed="false" simplified="false" border="0 1 1" fill="0 1 1" mode="-9"
 points="5.36506 3.23184,
	5.35495 3.15907,
	5.33473 3.06203,
	5.31654 3.00543,
	"/>
</Transform>

<Transform dim="0"
 xcoef=" 0 1 0 0 0 0"
 ycoef=" 0 0 1 0 0 0">
<Contour name="d01p45" hidden="false" closed="true" simplified="false" border="1 1 0" fill="1 1 0" mode="-9"
 points="6.56501 3.01345,
	6.56501 2.96099,
	6.51254 2.96099,
	6.51254 3.00689,
	6.50599 3.01345,
	6.50599 2.95443,
	6.57157 2.95443,
	6.57157 3.02001,
	6.50599 3.02001,
	6.51254 3.01345,
	"/>
</Transform>

<Transform dim="0"
 xcoef=" 0 1 0 0 0 0"
 ycoef=" 0 0 1 0 0 0">
<Contour name="d05" hidden="false" closed="true" simplified="true" border="1 1 0" fill="1 1 0" mode="9"
 points="4.82308 2.55717,
	4.87034 2.54535,
	4.9176 2.52172,
	4.94123 2.5099,
	5.03575 2.49218,
	5.08302 2.48627,
	5.17754 2.504,
	5.27206 2.5099,
	5.31932 2.51581,
	5.41385 2.49809,
	5.46111 2.49218,
	5.50837 2.49809,
	5.532 2.49809,
	5.57926 2.51581,
	5.60289 2.52763,
	5.65015 2.56898,
	5.66788 2.59261,
	5.67378 2.61624,
	5.66788 2.63987,
	5.66788 2.65169,
	5.48474 2.82301,
	5.43748 2.85846,
	5.34886 2.94707,
	5.15982 3.0475,
	5.11255 3.07113,
	5.06529 3.07704,
	4.97077 3.06523,
	4.94714 3.05932,
	4.85262 3.10067,
	4.80535 3.1184,
	4.75809 3.1243,
	4.66357 3.11249,
	4.61631 3.10658,
	4.59268 3.10658,
	4.54542 3.08886,
	4.52179 3.07704,
	4.52179 3.06523,
	4.50997 3.05932,
	4.51588 2.9648,
	4.53951 2.91753,
	4.58677 2.87618,
	4.6104 2.85255,
	4.63403 2.80529,
	4.63403 2.79938,
	4.63994 2.76984,
	4.66948 2.72849,
	4.74628 2.6576,
	4.75809 2.63397,
	4.76991 2.62215,
	4.76991 2.61033,
	4.78763 2.5867,
	4.79945 2.57489,
	"/>
</Transform>

<Transform dim="0"
 xcoef=" 0 1 0 0 0 0"
 ycoef=" 0 0 1 0 0 0">
<Contour name="ax17" comment="LK bouton trace named after cfa" hidden="false" closed="true" simplified="true" border="0 1 1" fill="0.502 1 1" mode="9"
 points="5.75031 2.4999,
	5.77265 2.47221,
	5.7798 2.46595,
	5.78159 2.46417,
	5.81018 2.45523,
	5.83877 2.44898,
	5.86736 2.44808,
	5.88165 2.44808,
	5.89595 2.4463,
	5.91024 2.4463,
	5.92454 2.44808,
	5.98172 2.44898,
	5.99602 2.45344,
	6.00316 2.45791,
	6.00942 2.46417,
	6.01031 2.47131,
	6.01031 2.47489,
	6.00406 2.48203,
	5.98976 2.49186,
	5.97547 2.4999,
	5.96117 2.50616,
	5.95402 2.50794,
	5.95045 2.50973,
	5.94688 2.50973,
	5.93258 2.51509,
	5.92543 2.51777,
	5.92186 2.51867,
	5.92007 2.52045,
	5.90578 2.52492,
	5.89863 2.52849,
	5.89148 2.53028,
	5.88433 2.53386,
	5.88076 2.53475,
	5.86646 2.54458,
	5.85932 2.54904,
	5.84502 2.55083,
	5.83073 2.55083,
	5.82358 2.55172,
	5.80928 2.54994,
	5.80571 2.54904,
	5.79856 2.54368,
	5.77176 2.51777,
	5.7655 2.51152,
	5.7521 2.50169,
	5.75121 2.5008,
	"/>
</Transform>

<Transform dim="0"
 xcoef=" 0 1 0 0 0 0"
 ycoef=" 0 0 1 0 0 0">
<Contour name="ax11" comment="LK bouton trace named after cfa" hidden="false" closed="true" simplified="true" border="0 1 1" fill="0.502 1 1" mode="11"
 points="2.22754 3.84913,
	2.23011 3.84228,
	2.23526 3.83542,
	2.23697 3.83199,
	2.25068 3.82256,
	2.25411 3.81913,
	2.25583 3.81913,
	2.26954 3.80714,
	2.28668 3.77971,
	2.29611 3.766,
	2.30982 3.754,
	2.31668 3.75057,
	2.32011 3.748,
	2.32354 3.74714,
	2.32696 3.74457,
	2.35439 3.73514,
	2.3681 3.73343,
	2.38182 3.73,
	2.38524 3.72914,
	2.38696 3.72743,
	2.39382 3.72571,
	2.39553 3.724,
	2.39724 3.724,
	2.39896 3.72228,
	2.40067 3.72228,
	2.40239 3.72057,
	2.40581 3.71971,
	2.41953 3.71029,
	2.43324 3.69914,
	2.46067 3.67429,
	2.47438 3.66486,
	2.50181 3.65029,
	2.52923 3.63143,
	2.54295 3.61858,
	2.56266 3.59115,
	2.56866 3.5843,
	2.57123 3.58087,
	2.57294 3.57401,
	2.59009 3.54658,
	2.60123 3.51916,
	2.60466 3.50544,
	2.60723 3.49859,
	2.61151 3.49173,
	2.61323 3.4883,
	2.6398 3.46088,
	2.64494 3.45402,
	2.65094 3.44973,
	2.70579 3.43174,
	2.71265 3.43088,
	2.74007 3.41545,
	2.7675 3.3966,
	2.77436 3.39231,
	2.79236 3.36488,
	2.79664 3.35803,
	2.80864 3.34431,
	2.82235 3.33146,
	2.84978 3.31346,
	2.85664 3.30917,
	2.88406 3.29717,
	2.89778 3.29546,
	2.91063 3.30489,
	2.91235 3.33231,
	2.90892 3.34603,
	2.90892 3.35288,
	2.90292 3.3666,
	2.89349 3.38031,
	2.88149 3.39402,
	2.86264 3.42145,
	2.85064 3.43516,
	2.84378 3.44888,
	2.8335 3.46259,
	2.82664 3.4763,
	2.82493 3.47973,
	2.81293 3.49345,
	2.75807 3.54316,
	2.71522 3.59801,
	2.70493 3.61172,
	2.67837 3.63486,
	2.62351 3.66743,
	2.6098 3.67515,
	2.60294 3.67943,
	2.59351 3.69314,
	2.58837 3.7,
	2.57466 3.71114,
	2.57209 3.71371,
	2.56866 3.71457,
	2.54123 3.73428,
	2.51381 3.75228,
	2.50695 3.75571,
	2.49324 3.76514,
	2.47952 3.77285,
	2.47267 3.77714,
	2.46581 3.77971,
	2.41096 3.80971,
	2.38353 3.82428,
	2.36982 3.83285,
	2.36639 3.8337,
	2.35268 3.84228,
	2.33896 3.84913,
	2.33553 3.8517,
	2.33211 3.85256,
	2.32868 3.85513,
	2.32696 3.85513,
	2.32011 3.85942,
	2.31325 3.86199,
	2.31154 3.86199,
	2.29782 3.87313,
	2.29097 3.87827,
	2.28754 3.87913,
	2.27382 3.88684,
	2.26011 3.89113,
	2.25326 3.89199,
	2.2464 3.89113,
	2.23954 3.88856,
	2.2344 3.8817,
	2.2284 3.86799,
	2.22754 3.85427,
	2.22754 3.85085,
	2.22754 3.84999,
	"/>
</Transform>

<Transform dim="0"
 xcoef=" 0 1 0 0 0 0"
 ycoef=" 0 0 1 0 0 0">
<Contour name="d01ax17_DDH" comment="DDH_traced_24july2018" hidden="false" closed="true" simplified="false" border="0 1 0" fill="1 0 0.501961" mode="-9"
 points="2.59949 3.39252,
	2.59949 3.37893,
	2.61309 3.37893,
	2.61309 3.36533,
	2.62669 3.36533,
	2.62669 3.37893,
	2.64028 3.37893,
	2.64028 3.39252,
	2.62669 3.39252,
	2.62669 3.40612,
	2.61309 3.40612,
	2.61309 3.39252,
	"/>
</Transform>

<Transform dim="0"
 xcoef=" 0 1 0 0 0 0"
 ycoef=" 0 0 1 0 0 0">
<Contour name="d01ax18_DDH" comment="DDH_traced_24july2018" hidden="false" closed="true" simplified="false" border="0 1 0" fill="1 0 0.501961" mode="-9"
 points="-0.168895 4.89601,
	-0.168895 4.88546,
	-0.158346 4.88546,
	-0.158346 4.87491,
	-0.147798 4.87491,
	-0.147798 4.88546,
	-0.137249 4.88546,
	-0.137249 4.89601,
	-0.147798 4.89601,
	-0.147798 4.90656,
	-0.158346 4.90656,
	-0.158346 4.89601,
	"/>
</Transform>

<Transform dim="0"
 xcoef=" 0 1 0 0 0 0"
 ycoef=" 0 0 1 0 0 0">
<Contour name="d01ax20_DDH" comment="DDH_traced_24july2018" hidden="false" closed="true" simplified="false" border="0 1 0" fill="1 0 0.501961" mode="-9"
 points="7.22989 1.00079,
	7.22989 0.987621,
	7.24306 0.987621,
	7.24306 0.974452,
	7.25623 0.974452,
	7.25623 0.987621,
	7.2694 0.987621,
	7.2694 1.00079,
	7.25623 1.00079,
	7.25623 1.01396,
	7.24306 1.01396,
	7.24306 1.00079,
	"/>
</Transform>

<Transform dim="0"
 xcoef=" 0 1 0 0 0 0"
 ycoef=" 0 0 1 0 0 0">
<Contour name="d01ax25_DDH" comment="DDH_traced_26july2018" hidden="false" closed="true" simplified="false" border="0 1 0" fill="1 0 0.501961" mode="-9"
 points="10.8839 0.388088,
	10.8839 0.370068,
	10.9019 0.370068,
	10.9019 0.352048,
	10.9199 0.352048,
	10.9199 0.370068,
	10.9379 0.370068,
	10.9379 0.388088,
	10.9199 0.388088,
	10.9199 0.406108,
	10.9019 0.406108,
	10.9019 0.388088,
	"/>
</Transform>

<Transform dim="0"
 xcoef=" 0 1 0 0 0 0"
 ycoef=" 0 0 1 0 0 0">
<Contour name="d01ax48_DDH" comment="DDH_traced_24sep2018" hidden="false" closed="true" simplified="false" border="0 1 0" fill="1 0 0.502" mode="-9"
 points="2.34235 5.55395,
	2.34235 5.54107,
	2.35523 5.54107,
	2.35523 5.52819,
	2.36812 5.52819,
	2.36812 5.54107,
	2.381 5.54107,
	2.381 5.55395,
	2.36812 5.55395,
	2.36812 5.56683,
	2.35523 5.56683,
	2.35523 5.55395,
	"/>
</Transform>

<Transform dim="0"
 xcoef=" 0 1 0 0 0 0"
 ycoef=" 0 0 1 0 0 0">
<Contour name="ddh_d01ax17" comment="traced 2018-10-29 after previously stamping" hidden="false" closed="true" simplified="true" border="0.501961 1 0.501961" fill="0.501961 1 0.501961" mode="11"
 points="2.54083 3.38589,
	2.54325 3.37943,
	2.5489 3.37298,
	2.56181 3.3641,
	2.57473 3.35683,
	2.57796 3.35441,
	2.58441 3.35199,
	2.58764 3.35118,
	2.58926 3.34957,
	2.61508 3.34795,
	2.62154 3.34715,
	2.64737 3.34957,
	2.66028 3.35199,
	2.68611 3.35199,
	2.69903 3.34957,
	2.70225 3.34795,
	2.70387 3.34795,
	2.70548 3.34634,
	2.73131 3.34553,
	2.74422 3.34957,
	2.74745 3.35038,
	2.74907 3.35199,
	2.7523 3.3528,
	2.75552 3.35603,
	2.75714 3.35764,
	2.75714 3.3641,
	2.75552 3.37055,
	2.75552 3.37217,
	2.75391 3.37378,
	2.75391 3.3754,
	2.74342 3.3875,
	2.74019 3.38992,
	2.73696 3.39073,
	2.7305 3.39477,
	2.71759 3.3988,
	2.71436 3.40042,
	2.71275 3.40203,
	2.70952 3.40284,
	2.69741 3.41091,
	2.69095 3.41414,
	2.68773 3.41656,
	2.68611 3.41656,
	2.6732 3.42382,
	2.66674 3.42544,
	2.66513 3.42705,
	2.6393 3.42867,
	2.61347 3.42786,
	2.60056 3.42625,
	2.5941 3.42544,
	2.58764 3.42302,
	2.58441 3.42302,
	2.5828 3.4214,
	2.57634 3.4206,
	2.56343 3.41575,
	2.55051 3.40768,
	2.54486 3.40203,
	2.54244 3.3988,
	2.54083 3.39235,
	2.54083 3.3867,
	"/>
</Transform>

<Transform dim="0"
 xcoef=" 0 1 0 0 0 0"
 ycoef=" 0 0 1 0 0 0">
<Contour name="ddh_d01ax18" comment="traced 2018-10-30 after previously stamping" hidden="false" closed="true" simplified="true" border="0.501961 1 0.501961" fill="0.501961 1 0.501961" mode="11"
 points="-0.232298 4.90277,
	-0.22938 4.89343,
	-0.22938 4.89226,
	-0.228212 4.8911,
	-0.228212 4.88993,
	-0.225294 4.88526,
	-0.224127 4.88293,
	-0.222959 4.88176,
	-0.222959 4.88059,
	-0.217123 4.87184,
	-0.217123 4.87067,
	-0.215955 4.8695,
	-0.215955 4.86833,
	-0.214788 4.86775,
	-0.210702 4.859,
	-0.208368 4.85433,
	-0.208368 4.85316,
	-0.206617 4.85141,
	-0.206033 4.84907,
	-0.206033 4.84791,
	-0.199613 4.83974,
	-0.196111 4.83623,
	-0.191442 4.83273,
	-0.186772 4.83098,
	-0.178601 4.82514,
	-0.176266 4.82456,
	-0.175099 4.82339,
	-0.171013 4.82164,
	-0.153503 4.80997,
	-0.13541 4.79713,
	-0.126655 4.79129,
	-0.107978 4.79187,
	-0.0986391 4.79363,
	-0.0974718 4.79479,
	-0.0881331 4.79596,
	-0.0787945 4.79596,
	-0.0694559 4.79421,
	-0.0601173 4.79363,
	-0.0507787 4.79071,
	-0.0414401 4.78896,
	-0.0227629 4.78896,
	-0.0134243 4.78954,
	-0.00875495 4.79129,
	-0.00408564 4.79479,
	-0.00175099 4.79596,
	0.00291832 4.80005,
	0.00408564 4.80121,
	0.00466931 4.80355,
	0.0105059 4.8123,
	0.0128406 4.81697,
	0.0128406 4.82631,
	0.0105059 4.83098,
	0.00875495 4.83331,
	0.00758762 4.83448,
	0.00758762 4.83565,
	0.00525297 4.83798,
	0.00466931 4.84032,
	-0.00291832 4.84907,
	-0.00758762 4.85316,
	-0.0116733 4.85608,
	-0.0134243 4.85783,
	-0.0145916 4.85783,
	-0.0186772 4.86133,
	-0.0233465 4.866,
	-0.0233465 4.86717,
	-0.0291832 4.87592,
	-0.0367708 4.88409,
	-0.0391054 4.88643,
	-0.0431911 4.88935,
	-0.0455257 4.89051,
	-0.0466931 4.89168,
	-0.0478604 4.89168,
	-0.048444 4.89285,
	-0.0507787 4.89343,
	-0.051946 4.8946,
	-0.0542807 4.89518,
	-0.0636193 4.90044,
	-0.0659539 4.9016,
	-0.0671213 4.90277,
	-0.0682886 4.90277,
	-0.0857985 4.91503,
	-0.0898841 4.91736,
	-0.0922188 4.91911,
	-0.0945534 4.9197,
	-0.0968881 4.92145,
	-0.0980554 4.92145,
	-0.107394 4.9267,
	-0.109729 4.92845,
	-0.110896 4.92845,
	-0.112063 4.92962,
	-0.120818 4.93254,
	-0.125488 4.93429,
	-0.127822 4.93604,
	-0.130157 4.93662,
	-0.131324 4.93779,
	-0.140663 4.94013,
	-0.150001 4.93837,
	-0.154671 4.93662,
	-0.164009 4.93546,
	-0.182687 4.93721,
	-0.201364 4.93662,
	-0.220041 4.93779,
	-0.22471 4.93662,
	-0.227045 4.93546,
	-0.22938 4.93312,
	-0.230547 4.93195,
	-0.232298 4.92728,
	-0.232298 4.90861,
	-0.232298 4.90394,
	-0.232298 4.90335,
	"/>
</Transform>

<Transform dim="0"
 xcoef=" 0 1 0 0 0 0"
 ycoef=" 0 0 1 0 0 0">
<Contour name="ddh_d01ax20" comment="traced 2018-11-09 after previously stamping" hidden="false" closed="true" simplified="true" border="0.501961 1 0.501961" fill="0.501961 1 0.501961" mode="11"
 points="7.15719 1.00509,
	7.15848 0.999949,
	7.16105 0.994804,
	7.16169 0.992232,
	7.16169 0.990946,
	7.16941 0.980657,
	7.18999 0.964581,
	7.20027 0.956864,
	7.2067 0.947861,
	7.20992 0.942717,
	7.21314 0.938859,
	7.21635 0.933714,
	7.226 0.924068,
	7.22728 0.924068,
	7.23629 0.917638,
	7.24143 0.914423,
	7.244 0.91378,
	7.2485 0.910564,
	7.25365 0.908635,
	7.25622 0.907992,
	7.25751 0.906706,
	7.27808 0.902205,
	7.29866 0.902848,
	7.30381 0.902848,
	7.31409 0.904777,
	7.31924 0.906063,
	7.32953 0.91185,
	7.3321 0.913137,
	7.33339 0.913137,
	7.33403 0.914423,
	7.33532 0.914423,
	7.34496 0.922782,
	7.35075 0.931785,
	7.35203 0.934357,
	7.35268 0.944646,
	7.35268 0.949791,
	7.35075 0.960079,
	7.34753 0.970368,
	7.3456 0.975513,
	7.33917 0.985159,
	7.33917 0.986445,
	7.33532 0.991589,
	7.33274 0.996734,
	7.33081 0.999306,
	7.33081 1.00059,
	7.32696 1.00574,
	7.32117 1.01603,
	7.31988 1.0186,
	7.3186 1.01988,
	7.3186 1.02117,
	7.31152 1.03082,
	7.30252 1.04046,
	7.29287 1.04818,
	7.28259 1.05461,
	7.27873 1.05782,
	7.26844 1.06297,
	7.25879 1.0694,
	7.25622 1.07004,
	7.25365 1.07197,
	7.253 1.07326,
	7.24272 1.07583,
	7.23757 1.07647,
	7.23243 1.0784,
	7.22214 1.0784,
	7.20156 1.07519,
	7.19642 1.07261,
	7.19513 1.07261,
	7.19384 1.07133,
	7.19256 1.07133,
	7.18227 1.06425,
	7.17841 1.05911,
	7.17712 1.05654,
	7.17455 1.05397,
	7.16876 1.04496,
	7.16555 1.03982,
	7.16362 1.03725,
	7.16298 1.03467,
	7.15976 1.02953,
	7.15719 1.01924,
	7.15719 1.00895,
	7.15719 1.00638,
	7.15719 1.00574,
	"/>
</Transform>

</Section>