<?xml version="1.0"?>
<!DOCTYPE Section SYSTEM "section.dtd">

<Section index="204" thickness="0.062" alignLocked="true">
<Transform dim="0"
 xcoef=" 0 1 0 0 0 0"
 ycoef=" 0 0 1 0 0 0">
<Contour name="d02" hidden="false" closed="true" simplified="true" border="1 1 0" fill="1 0 1" mode="11"
 points="5.77908 2.63116,
	5.81353 2.56226,
	5.83937 2.53212,
	5.87382 2.50197,
	5.89535 2.47613,
	5.9298 2.4503,
	5.93842 2.44168,
	5.95564 2.43738,
	5.97287 2.42015,
	6.04177 2.3857,
	6.11067 2.35986,
	6.24847 2.35556,
	6.31737 2.35556,
	6.38627 2.36417,
	6.45518 2.36417,
	6.4724 2.36417,
	6.50685 2.34695,
	6.57575 2.28666,
	6.6102 2.25221,
	6.62743 2.24359,
	6.64465 2.22637,
	6.6791 2.21345,
	6.74801 2.21345,
	6.88581 2.20053,
	6.95471 2.20053,
	7.09251 2.17469,
	7.12696 2.17039,
	7.14419 2.17469,
	7.1528 2.179,
	7.1528 2.19622,
	7.13127 2.23067,
	7.10112 2.26513,
	7.03222 2.31249,
	6.99777 2.32541,
	6.96332 2.34695,
	6.9461 2.35986,
	6.91165 2.36848,
	6.8772 2.3857,
	6.85566 2.39862,
	6.85566 2.46752,
	6.85566 2.50197,
	6.82983 2.53642,
	6.76092 2.59241,
	6.75231 2.60102,
	6.73509 2.60532,
	6.71786 2.62255,
	6.70494 2.657,
	6.69633 2.67423,
	6.69633 2.68284,
	6.6791 2.70006,
	6.67049 2.70006,
	6.61882 2.75605,
	6.54992 2.80342,
	6.5413 2.81203,
	6.50685 2.82064,
	6.43795 2.82064,
	6.4035 2.82064,
	6.36905 2.82925,
	6.23125 2.82925,
	6.2011 2.85078,
	6.1968 2.88524,
	6.17096 2.91969,
	6.15373 2.93261,
	6.08483 2.95844,
	6.05038 2.96275,
	5.98148 2.99289,
	5.91258 2.98859,
	5.87813 2.95844,
	5.86521 2.92399,
	5.8609 2.88954,
	5.83507 2.8594,
	5.80062 2.83787,
	5.78339 2.82495,
	5.77908 2.80772,
	5.81353 2.78619,
	5.82215 2.78619,
	5.85229 2.75605,
	5.85229 2.73882,
	5.83937 2.7259,
	5.82215 2.7259,
	5.7877 2.70868,
	5.77908 2.70006,
	5.77908 2.63547,
	"/>
</Transform>

<Transform dim="0"
 xcoef=" 0 1 0 0 0 0"
 ycoef=" 0 0 1 0 0 0">
<Contour name="d02p47" hidden="false" closed="true" simplified="false" border="1 0 1" fill="1 0 1" mode="-9"
 points="6.67471 2.38583,
	6.67471 2.3686,
	6.69194 2.35138,
	6.70916 2.35138,
	6.72639 2.3686,
	6.72639 2.38583,
	6.70916 2.40305,
	6.69194 2.40305,
	"/>
</Transform>

<Transform dim="0"
 xcoef=" 0 1 0 0 0 0"
 ycoef=" 0 0 1 0 0 0">
<Contour name="d08" hidden="false" closed="true" simplified="true" border="1 1 0" fill="1 0 0.5" mode="9"
 points="4.49739 4.85546,
	4.5141 4.83875,
	4.5523 4.81727,
	4.56901 4.80772,
	4.57855 4.79817,
	4.59765 4.78862,
	4.63585 4.75998,
	4.65256 4.74327,
	4.69075 4.7194,
	4.70985 4.70985,
	4.72894 4.70507,
	4.73849 4.7003,
	4.81488 4.68836,
	4.89127 4.68359,
	4.92946 4.69075,
	4.94856 4.69552,
	4.96766 4.69552,
	4.97243 4.69552,
	4.99153 4.70746,
	5.01063 4.71462,
	5.08702 4.71701,
	5.12521 4.7194,
	5.13476 4.7194,
	5.15147 4.73133,
	5.18489 4.76236,
	5.2016 4.77669,
	5.21592 4.81488,
	5.21592 4.81966,
	5.24696 4.85546,
	5.26367 4.87217,
	5.27321 4.87933,
	5.27799 4.88411,
	5.28754 4.8865,
	5.31618 4.91514,
	5.33528 4.92708,
	5.3496 4.94617,
	5.35438 4.95572,
	5.35438 4.99392,
	5.34722 5.03211,
	5.33767 5.05121,
	5.30663 5.08224,
	5.27083 5.11805,
	5.25173 5.13715,
	5.24218 5.1467,
	5.22308 5.15624,
	5.21354 5.16341,
	5.17534 5.17773,
	5.02256 5.17773,
	4.98437 5.17534,
	4.90798 5.14192,
	4.88888 5.13715,
	4.81249 5.13715,
	4.7743 5.13476,
	4.76475 5.13237,
	4.74804 5.11566,
	4.74327 5.11089,
	4.74327 5.10134,
	4.70746 5.07031,
	4.69075 5.05837,
	4.65494 5.02256,
	4.62152 4.99153,
	4.58333 4.96288,
	4.54991 4.93901,
	4.54036 4.93424,
	4.52126 4.91753,
	4.50933 4.89843,
	4.50216 4.87933,
	4.49739 4.86979,
	4.49739 4.86024,
	4.49739 4.85785,
	"/>
</Transform>

<Transform dim="0"
 xcoef=" 0 1 0 0 0 0"
 ycoef=" 0 0 1 0 0 0">
<Contour name="d10" hidden="false" closed="true" simplified="true" border="0 1 1" fill="0 1 1" mode="9"
 points="6.74473 0.792618,
	6.75969 0.76869,
	6.78062 0.744762,
	6.81951 0.705879,
	6.84343 0.684942,
	6.86736 0.669986,
	6.89129 0.661013,
	6.90325 0.65204,
	6.90924 0.65204,
	6.9212 0.640076,
	6.92718 0.634094,
	6.9212 0.586238,
	6.91821 0.574274,
	6.8225 0.571283,
	6.81053 0.571283,
	6.7896 0.556328,
	6.79259 0.5324,
	6.80754 0.508472,
	6.83147 0.487535,
	6.92718 0.436688,
	7.0199 0.361912,
	7.04084 0.343966,
	7.0887 0.323029,
	7.13655 0.311065,
	7.16048 0.302092,
	7.25619 0.293119,
	7.30405 0.290128,
	7.35191 0.281155,
	7.39976 0.257227,
	7.40574 0.257227,
	7.41771 0.248254,
	7.44164 0.242272,
	7.4536 0.23629,
	7.64502 0.23629,
	7.66895 0.23629,
	7.69288 0.242272,
	7.70484 0.251245,
	7.71681 0.254236,
	7.74074 0.248254,
	7.83645 0.251245,
	7.86038 0.272182,
	7.8873 0.320038,
	7.89328 0.332002,
	7.89328 0.379858,
	7.89029 0.403786,
	7.87832 0.427715,
	7.85739 0.451643,
	7.80953 0.487535,
	7.7856 0.50249,
	7.77364 0.508472,
	7.76766 0.508472,
	7.74373 0.526418,
	7.73176 0.535391,
	7.7198 0.538382,
	7.69587 0.559319,
	7.69288 0.571283,
	7.68391 0.583247,
	7.68391 0.589229,
	7.67793 0.595211,
	7.67793 0.601193,
	7.65998 0.625121,
	7.65101 0.649049,
	7.64802 0.661013,
	7.63306 0.684942,
	7.5882 0.729807,
	7.57922 0.741771,
	7.57623 0.789627,
	7.57324 0.813555,
	7.47753 0.816546,
	7.42967 0.82851,
	7.40574 0.834492,
	7.39378 0.837483,
	7.3878 0.843465,
	7.37583 0.846456,
	7.36985 0.846456,
	7.36387 0.852438,
	7.33994 0.85842,
	7.33396 0.864402,
	7.23825 0.897303,
	7.04682 0.900294,
	6.95111 0.897303,
	6.90325 0.891321,
	6.87933 0.885339,
	6.86736 0.885339,
	6.8554 0.879357,
	6.84942 0.879357,
	6.84343 0.873375,
	6.81951 0.867393,
	6.77165 0.840474,
	6.75969 0.834492,
	6.74772 0.822528,
	6.74473 0.7986,
	6.74473 0.795609,
	"/>
</Transform>

<Transform dim="0"
 xcoef=" 0 1 0 0 0 0"
 ycoef=" 0 0 1 0 0 0">
<Contour name="d10" hidden="false" closed="true" simplified="true" border="0 1 1" fill="0 1 1" mode="9"
 points="6.48451 1.08574,
	6.50545 1.0648,
	6.52938 1.04984,
	6.57723 1.03489,
	6.60116 1.02592,
	6.64902 1.02293,
	6.67295 1.01993,
	6.7208 1.0319,
	6.7208 1.05583,
	6.67594 1.10667,
	6.67594 1.1306,
	6.67594 1.14257,
	6.66098 1.1635,
	6.61313 1.18444,
	6.56527 1.18444,
	6.55331 1.18145,
	6.52938 1.16051,
	6.5204 1.14855,
	6.51442 1.14257,
	6.51442 1.13658,
	6.49349 1.11266,
	6.48451 1.10069,
	6.48451 1.08873,
	"/>
</Transform>

<Transform dim="0"
 xcoef=" 0 1 0 0 0 0"
 ycoef=" 0 0 1 0 0 0">
<Contour name="d05" hidden="false" closed="true" simplified="true" border="1 1 0" fill="1 1 0" mode="9"
 points="4.45706 3.0342,
	4.47923 2.97876,
	4.49032 2.9492,
	4.49402 2.91963,
	4.49771 2.90485,
	4.57532 2.79028,
	4.61228 2.73115,
	4.64184 2.70158,
	4.69728 2.66463,
	4.72685 2.64615,
	4.73424 2.63876,
	4.74163 2.63876,
	4.74902 2.63136,
	4.75641 2.63136,
	4.7638 2.62397,
	4.82294 2.60549,
	4.8525 2.59441,
	4.97077 2.57223,
	5.08903 2.56115,
	5.11859 2.56115,
	5.14816 2.55375,
	5.20729 2.55006,
	5.26642 2.55375,
	5.29599 2.55375,
	5.41425 2.57223,
	5.47339 2.58332,
	5.58795 2.61658,
	5.60274 2.62028,
	5.61013 2.62028,
	5.61752 2.62767,
	5.6323 2.63136,
	5.65078 2.66093,
	5.65448 2.6905,
	5.64339 2.72006,
	5.636 2.73484,
	5.61013 2.75702,
	5.59534 2.76071,
	5.59165 2.76811,
	5.58426 2.76811,
	5.55469 2.78659,
	5.49556 2.83833,
	5.44752 2.88637,
	5.39208 2.93441,
	5.36251 2.95289,
	5.33295 2.97876,
	5.31816 3.00463,
	5.29229 3.0342,
	5.28121 3.04898,
	5.22577 3.07485,
	5.16664 3.09333,
	5.13707 3.10442,
	5.12229 3.10811,
	5.10751 3.1192,
	5.04838 3.13398,
	5.01881 3.14138,
	4.90055 3.13768,
	4.84141 3.14507,
	4.82663 3.14877,
	4.81924 3.14877,
	4.81185 3.15616,
	4.79707 3.15616,
	4.78228 3.16355,
	4.77489 3.16355,
	4.7675 3.17094,
	4.64924 3.21899,
	4.62337 3.23746,
	4.60858 3.24116,
	4.55315 3.28181,
	4.52358 3.30399,
	4.49402 3.30768,
	4.47923 3.30768,
	4.46815 3.2929,
	4.47184 3.26334,
	4.49771 3.2042,
	4.49771 3.19681,
	4.5051 3.18942,
	4.51249 3.15985,
	4.51989 3.15246,
	4.51619 3.13768,
	4.49402 3.11551,
	4.46445 3.09333,
	4.45706 3.07855,
	4.45706 3.04898,
	4.45706 3.0379,
	"/>
<Contour name="d05" hidden="false" closed="true" simplified="true" border="1 1 0" fill="1 1 0" mode="9"
 points="3.71421 3.50356,
	3.74378 3.47769,
	3.75117 3.47769,
	3.76596 3.4666,
	3.88422 3.43703,
	3.91378 3.42964,
	3.94335 3.42964,
	3.95813 3.42225,
	3.9877 3.41856,
	4.00248 3.41856,
	4.01727 3.41116,
	4.0764 3.41116,
	4.13553 3.42225,
	4.16509 3.42964,
	4.17988 3.43334,
	4.19836 3.4629,
	4.20205 3.49247,
	4.20205 3.49986,
	4.18357 3.51834,
	4.17618 3.51834,
	4.15401 3.54421,
	4.09857 3.57378,
	4.06901 3.59226,
	4.00987 3.61073,
	3.95074 3.60704,
	3.92118 3.62182,
	3.90639 3.62921,
	3.84726 3.61813,
	3.78813 3.59965,
	3.73269 3.55899,
	3.71421 3.53312,
	3.71421 3.50725,
	"/>
</Transform>

<Transform dim="0"
 xcoef=" 0 1 0 0 0 0"
 ycoef=" 0 0 1 0 0 0">
<Contour name="d05c33" hidden="false" closed="true" simplified="true" border="1 0 0" fill="0 1 0" mode="9"
 points="3.68928 3.52392,
	3.70283 3.50224,
	3.71367 3.49411,
	3.72452 3.49139,
	3.7462 3.49953,
	3.77873 3.54019,
	3.7977 3.55645,
	3.80855 3.56729,
	3.8221 3.58898,
	3.84108 3.61067,
	3.84108 3.63235,
	3.83837 3.63777,
	3.83294 3.63777,
	3.8221 3.6459,
	3.77873 3.6459,
	3.75704 3.64319,
	3.71638 3.60253,
	3.69741 3.58356,
	3.69199 3.57814,
	3.68928 3.53477,
	3.68928 3.52663,
	"/>
<Contour name="d05cfa33" hidden="false" closed="false" simplified="false" border="0 1 1" fill="0 1 1" mode="-13"
 points="3.84303 3.62445,
	3.80237 3.60547,
	3.759 3.57294,
	3.71834 3.52144,
	3.71834 3.49162,
	"/>
</Transform>

<Transform dim="0"
 xcoef=" 0 1 0 0 0 0"
 ycoef=" 0 0 1 0 0 0">
<Contour name="d01ax40Bssvr" hidden="false" closed="true" simplified="false" border="0 1 0.251" fill="0 0 1" mode="11"
 points="6.65328 3.84314,
	6.6392 3.82906,
	6.65328 3.81498,
	6.66737 3.82906,
	"/>
<Contour name="d01ax40Bssvr" hidden="false" closed="true" simplified="false" border="0 1 0.251" fill="0 0 1" mode="11"
 points="6.65328 4.01013,
	6.6392 3.99604,
	6.65328 3.98196,
	6.66737 3.99604,
	"/>
<Contour name="d01ax40Bssvr" hidden="false" closed="true" simplified="false" border="0 1 0.251" fill="0 0 1" mode="11"
 points="6.64524 4.07249,
	6.63115 4.05841,
	6.64524 4.04433,
	6.65932 4.05841,
	"/>
</Transform>

<Transform dim="0"
 xcoef=" 0 1 0 0 0 0"
 ycoef=" 0 0 1 0 0 0">
<Contour name="d01" hidden="false" closed="true" simplified="true" border="1 0.5 0" fill="1 0.5 0" mode="9"
 points="4.50569 3.31494,
	4.52962 3.29101,
	4.57749 3.26408,
	4.67323 3.22219,
	4.7211 3.19527,
	4.76897 3.17432,
	4.81683 3.17432,
	4.84077 3.18031,
	4.85274 3.18031,
	4.87667 3.18928,
	4.97241 3.18928,
	5.02028 3.18928,
	5.04421 3.18928,
	5.09208 3.20125,
	5.13995 3.20125,
	5.18782 3.18031,
	5.19081 3.17732,
	5.1938 3.18928,
	5.21774 3.21023,
	5.22971 3.22219,
	5.25364 3.23117,
	5.30151 3.23416,
	5.32544 3.23715,
	5.34938 3.24613,
	5.39725 3.24912,
	5.42118 3.24912,
	5.44213 3.26408,
	5.44213 3.28801,
	5.42717 3.31195,
	5.40323 3.3299,
	5.35536 3.33887,
	5.33143 3.33887,
	5.23569 3.36281,
	5.13995 3.36281,
	5.09208 3.36281,
	5.06815 3.36281,
	5.05618 3.36281,
	5.0502 3.36879,
	5.02626 3.37178,
	4.93052 3.4017,
	4.83479 3.42265,
	4.78692 3.42564,
	4.69118 3.4406,
	4.59544 3.4376,
	4.54757 3.42265,
	4.52364 3.40769,
	4.51167 3.39572,
	4.50569 3.38974,
	4.50569 3.34187,
	4.50569 3.31793,
	"/>
</Transform>

<Transform dim="0"
 xcoef=" 0 1 0 0 0 0"
 ycoef=" 0 0 1 0 0 0">
<Contour name="d01" hidden="false" closed="true" simplified="true" border="1 0.5 0" fill="1 0.5 0" mode="9"
 points="6.16615 2.8542,
	6.1841 2.83026,
	6.23197 2.80334,
	6.27984 2.79436,
	6.37557 2.79436,
	6.47131 2.78838,
	6.51918 2.78539,
	6.54312 2.78539,
	6.55508 2.78539,
	6.57902 2.77342,
	6.6239 2.73453,
	6.66877 2.68965,
	6.68373 2.66571,
	6.77947 2.57895,
	6.79144 2.56698,
	6.81537 2.55502,
	6.86324 2.54604,
	6.88718 2.54305,
	6.93505 2.52211,
	6.95898 2.51612,
	6.97095 2.51911,
	6.97992 2.53108,
	6.98291 2.53707,
	7.03078 2.53707,
	7.05472 2.54006,
	7.07865 2.56399,
	7.12652 2.58194,
	7.17439 2.58793,
	7.19833 2.59092,
	7.21029 2.59092,
	7.23124 2.61485,
	7.27911 2.64776,
	7.28808 2.6717,
	7.28509 2.76744,
	7.27911 2.7794,
	7.23722 2.82727,
	7.22525 2.83924,
	7.21927 2.84522,
	7.21927 2.85121,
	7.20132 2.87514,
	7.19533 2.89908,
	7.18337 2.92301,
	7.17439 2.97088,
	7.15644 2.99182,
	7.10857 3.01875,
	7.0966 3.02772,
	7.07267 3.03371,
	6.97693 3.09354,
	6.92906 3.12346,
	6.90513 3.13842,
	6.89914 3.13842,
	6.89316 3.14441,
	6.88119 3.14441,
	6.86923 3.15338,
	6.85726 3.15637,
	6.84529 3.16535,
	6.83931 3.16535,
	6.82734 3.17432,
	6.80341 3.18031,
	6.61193 3.18031,
	6.51619 3.18031,
	6.46832 3.18031,
	6.44439 3.17133,
	6.42045 3.15637,
	6.39652 3.15637,
	6.34865 3.12346,
	6.32471 3.10551,
	6.27984 3.05764,
	6.26787 3.04568,
	6.26488 3.02174,
	6.26488 3.01576,
	6.24094 2.99481,
	6.22898 2.98584,
	6.22299 2.97387,
	6.19906 2.95293,
	6.1841 2.92899,
	6.18111 2.91703,
	6.17213 2.90506,
	6.16615 2.88113,
	6.16615 2.85719,
	"/>
</Transform>

<Transform dim="0"
 xcoef=" 0 1 0 0 0 0"
 ycoef=" 0 0 1 0 0 0">
<Contour name="d01c45" hidden="false" closed="true" simplified="true" border="1 0 0" fill="0 1 0" mode="9"
 points="6.19434 2.94221,
	6.20229 2.93427,
	6.21818 2.93427,
	6.22613 2.93427,
	6.24202 2.94023,
	6.24997 2.95612,
	6.25195 2.97201,
	6.25195 2.97598,
	6.26785 2.98393,
	6.27182 2.98592,
	6.27381 2.98194,
	6.28175 2.9879,
	6.28572 2.99188,
	6.28572 2.99585,
	6.29764 3.00976,
	6.30559 3.0177,
	6.31552 3.03161,
	6.32347 3.03956,
	6.3334 3.05545,
	6.35923 3.08128,
	6.39102 3.09518,
	6.40691 3.10114,
	6.4387 3.123,
	6.4526 3.1369,
	6.4685 3.14485,
	6.50028 3.15081,
	6.62743 3.15081,
	6.65921 3.1528,
	6.66716 3.1528,
	6.67511 3.16074,
	6.67709 3.17664,
	6.67709 3.18458,
	6.67709 3.18856,
	6.66517 3.20445,
	6.64928 3.21041,
	6.52213 3.21239,
	6.45856 3.20643,
	6.44267 3.20643,
	6.41088 3.19849,
	6.40294 3.19253,
	6.39896 3.19253,
	6.36718 3.17068,
	6.33539 3.16074,
	6.3195 3.15081,
	6.3036 3.1369,
	6.29566 3.12896,
	6.28572 3.11306,
	6.27977 3.1071,
	6.27778 3.09916,
	6.26586 3.08326,
	6.2599 3.07532,
	6.25791 3.06737,
	6.24798 3.05148,
	6.24599 3.04353,
	6.23209 3.02764,
	6.21818 3.0177,
	6.19633 2.9879,
	6.19434 2.95612,
	6.19434 2.94817,
	6.19434 2.9442,
	"/>
<Contour name="d01cfa45" hidden="false" closed="false" simplified="false" border="0 1 1" fill="0 1 1" mode="9"
 points="6.67325 3.18905,
	6.54809 3.18508,
	6.4587 3.17912,
	6.37128 3.14336,
	6.29182 3.08376,
	6.2501 3.00827,
	6.20043 2.93278,
	"/>
</Transform>

<Transform dim="0"
 xcoef=" 0 1 0 0 0 0"
 ycoef=" 0 0 1 0 0 0">
<Contour name="d01ax40ab2ssvr" hidden="false" closed="true" simplified="false" border="0.5 0 1" fill="0.5 0 1" mode="-13"
 points="5.61626 2.8072,
	5.61031 2.80522,
	5.61626 2.80324,
	5.61229 2.79729,
	5.61824 2.80126,
	5.62023 2.79531,
	5.62221 2.80126,
	5.62816 2.79729,
	5.62419 2.80324,
	5.63014 2.80522,
	5.62419 2.8072,
	5.62816 2.81315,
	5.62221 2.80919,
	5.62023 2.81514,
	5.61824 2.80919,
	5.61229 2.81315,
	"/>
<Contour name="d01ax40ab2ssvr" hidden="false" closed="true" simplified="false" border="0.5 0 1" fill="0.5 0 1" mode="-13"
 points="5.57065 2.86471,
	5.56471 2.86272,
	5.57065 2.86074,
	5.56669 2.85479,
	5.57264 2.85876,
	5.57462 2.85281,
	5.5766 2.85876,
	5.58255 2.85479,
	5.57859 2.86074,
	5.58453 2.86272,
	5.57859 2.86471,
	5.58255 2.87066,
	5.5766 2.86669,
	5.57462 2.87264,
	5.57264 2.86669,
	5.56669 2.87066,
	"/>
<Contour name="d01ax40ab2ssvr" hidden="false" closed="true" simplified="false" border="0.5 0 1" fill="0.5 0 1" mode="-13"
 points="5.50919 2.8885,
	5.50324 2.88652,
	5.50919 2.88454,
	5.50522 2.87859,
	5.51117 2.88255,
	5.51315 2.8766,
	5.51514 2.88255,
	5.52108 2.87859,
	5.51712 2.88454,
	5.52307 2.88652,
	5.51712 2.8885,
	5.52108 2.89445,
	5.51514 2.89048,
	5.51315 2.89643,
	5.51117 2.89048,
	5.50522 2.89445,
	"/>
<Contour name="d01ax40ab2ssvr" hidden="false" closed="true" simplified="false" border="0.5 0 1" fill="0.5 0 1" mode="-13"
 points="5.55677 2.92023,
	5.55083 2.91824,
	5.55677 2.91626,
	5.55281 2.91031,
	5.55876 2.91428,
	5.56074 2.90833,
	5.56272 2.91428,
	5.56867 2.91031,
	5.56471 2.91626,
	5.57065 2.91824,
	5.56471 2.92023,
	5.56867 2.92617,
	5.56272 2.92221,
	5.56074 2.92816,
	5.55876 2.92221,
	5.55281 2.92617,
	"/>
<Contour name="d01ax40ab2ssvr" hidden="false" closed="true" simplified="false" border="0.5 0 1" fill="0.5 0 1" mode="-13"
 points="5.6341 2.87066,
	5.62816 2.86867,
	5.6341 2.86669,
	5.63014 2.86074,
	5.63609 2.86471,
	5.63807 2.85876,
	5.64005 2.86471,
	5.646 2.86074,
	5.64204 2.86669,
	5.64798 2.86867,
	5.64204 2.87066,
	5.646 2.8766,
	5.64005 2.87264,
	5.63807 2.87859,
	5.63609 2.87264,
	5.63014 2.8766,
	"/>
<Contour name="d01ax40ab2ssvr" hidden="false" closed="true" simplified="false" border="0.5 0 1" fill="0.5 0 1" mode="-13"
 points="5.68566 2.82307,
	5.67971 2.82108,
	5.68566 2.8191,
	5.68169 2.81315,
	5.68764 2.81712,
	5.68962 2.81117,
	5.69161 2.81712,
	5.69756 2.81315,
	5.69359 2.8191,
	5.69954 2.82108,
	5.69359 2.82307,
	5.69756 2.82902,
	5.69161 2.82505,
	5.68962 2.831,
	5.68764 2.82505,
	5.68169 2.82902,
	"/>
<Contour name="d01ax40ab2ssvr" hidden="false" closed="true" simplified="false" border="0.5 0 1" fill="0.5 0 1" mode="-13"
 points="5.72531 2.85479,
	5.71937 2.85281,
	5.72531 2.85083,
	5.72135 2.84488,
	5.7273 2.84884,
	5.72928 2.8429,
	5.73126 2.84884,
	5.73721 2.84488,
	5.73325 2.85083,
	5.73919 2.85281,
	5.73325 2.85479,
	5.73721 2.86074,
	5.73126 2.85678,
	5.72928 2.86272,
	5.7273 2.85678,
	5.72135 2.86074,
	"/>
<Contour name="d01ax40ab2ssvr" hidden="false" closed="true" simplified="false" border="0.5 0 1" fill="0.5 0 1" mode="-13"
 points="5.67773 2.89247,
	5.67178 2.89048,
	5.67773 2.8885,
	5.67376 2.88255,
	5.67971 2.88652,
	5.68169 2.88057,
	5.68368 2.88652,
	5.68962 2.88255,
	5.68566 2.8885,
	5.69161 2.89048,
	5.68566 2.89247,
	5.68962 2.89841,
	5.68368 2.89445,
	5.68169 2.9004,
	5.67971 2.89445,
	5.67376 2.89841,
	"/>
<Contour name="d01ax40ab2ssvr" hidden="false" closed="true" simplified="false" border="0.5 0 1" fill="0.5 0 1" mode="-13"
 points="5.75704 2.88255,
	5.75109 2.88057,
	5.75704 2.87859,
	5.75307 2.87264,
	5.75902 2.8766,
	5.76101 2.87066,
	5.76299 2.8766,
	5.76894 2.87264,
	5.76497 2.87859,
	5.77092 2.88057,
	5.76497 2.88255,
	5.76894 2.8885,
	5.76299 2.88454,
	5.76101 2.89048,
	5.75902 2.88454,
	5.75307 2.8885,
	"/>
<Contour name="d01ax40ab2ssvr" hidden="false" closed="true" simplified="false" border="0.5 0 1" fill="0.5 0 1" mode="-13"
 points="5.71342 2.91824,
	5.70747 2.91626,
	5.71342 2.91428,
	5.70945 2.90833,
	5.7154 2.91229,
	5.71738 2.90635,
	5.71937 2.91229,
	5.72531 2.90833,
	5.72135 2.91428,
	5.7273 2.91626,
	5.72135 2.91824,
	5.72531 2.92419,
	5.71937 2.92023,
	5.71738 2.92617,
	5.7154 2.92023,
	5.70945 2.92419,
	"/>
<Contour name="d01ax40ab2ssvr" hidden="false" closed="true" simplified="false" border="0.5 0 1" fill="0.5 0 1" mode="-13"
 points="5.76894 2.93212,
	5.76299 2.93014,
	5.76894 2.92816,
	5.76497 2.92221,
	5.77092 2.92617,
	5.7729 2.92023,
	5.77489 2.92617,
	5.78083 2.92221,
	5.77687 2.92816,
	5.78282 2.93014,
	5.77687 2.93212,
	5.78083 2.93807,
	5.77489 2.93411,
	5.7729 2.94005,
	5.77092 2.93411,
	5.76497 2.93807,
	"/>
<Contour name="d01ax40ab2ssvr" hidden="false" closed="true" simplified="false" border="0.5 0 1" fill="0.5 0 1" mode="-13"
 points="5.79868 2.9579,
	5.79273 2.95592,
	5.79868 2.95393,
	5.79471 2.94799,
	5.80066 2.95195,
	5.80265 2.946,
	5.80463 2.95195,
	5.81058 2.94799,
	5.80661 2.95393,
	5.81256 2.95592,
	5.80661 2.9579,
	5.81058 2.96385,
	5.80463 2.95988,
	5.80265 2.96583,
	5.80066 2.95988,
	5.79471 2.96385,
	"/>
<Contour name="d01ax40ab2ssvr" hidden="false" closed="true" simplified="false" border="0.5 0 1" fill="0.5 0 1" mode="-13"
 points="5.64402 3.01342,
	5.63807 3.01144,
	5.64402 3.00945,
	5.64005 3.0035,
	5.646 3.00747,
	5.64798 3.00152,
	5.64997 3.00747,
	5.65592 3.0035,
	5.65195 3.00945,
	5.6579 3.01144,
	5.65195 3.01342,
	5.65592 3.01937,
	5.64997 3.0154,
	5.64798 3.02135,
	5.646 3.0154,
	5.64005 3.01937,
	"/>
<Contour name="d01ax40ab2ssvr" hidden="false" closed="true" simplified="false" border="0.5 0 1" fill="0.5 0 1" mode="-13"
 points="5.67773 2.94997,
	5.67178 2.94799,
	5.67773 2.946,
	5.67376 2.94005,
	5.67971 2.94402,
	5.68169 2.93807,
	5.68368 2.94402,
	5.68962 2.94005,
	5.68566 2.946,
	5.69161 2.94799,
	5.68566 2.94997,
	5.68962 2.95592,
	5.68368 2.95195,
	5.68169 2.9579,
	5.67971 2.95195,
	5.67376 2.95592,
	"/>
<Contour name="d01ax40ab2ssvr" hidden="false" closed="true" simplified="false" border="0.5 0 1" fill="0.5 0 1" mode="-13"
 points="5.62419 2.92816,
	5.61824 2.92617,
	5.62419 2.92419,
	5.62023 2.91824,
	5.62617 2.92221,
	5.62816 2.91626,
	5.63014 2.92221,
	5.63609 2.91824,
	5.63212 2.92419,
	5.63807 2.92617,
	5.63212 2.92816,
	5.63609 2.93411,
	5.63014 2.93014,
	5.62816 2.93609,
	5.62617 2.93014,
	5.62023 2.93411,
	"/>
<Contour name="d01ax40ab2ssvr" hidden="false" closed="true" simplified="false" border="0.5 0 1" fill="0.5 0 1" mode="-13"
 points="5.60635 2.9698,
	5.6004 2.96781,
	5.60635 2.96583,
	5.60238 2.95988,
	5.60833 2.96385,
	5.61031 2.9579,
	5.61229 2.96385,
	5.61824 2.95988,
	5.61428 2.96583,
	5.62023 2.96781,
	5.61428 2.9698,
	5.61824 2.97575,
	5.61229 2.97178,
	5.61031 2.97773,
	5.60833 2.97178,
	5.60238 2.97575,
	"/>
<Contour name="d01ax40ab2ssvr" hidden="false" closed="true" simplified="false" border="0.5 0 1" fill="0.5 0 1" mode="-13"
 points="5.54091 2.96385,
	5.53496 2.96187,
	5.54091 2.95988,
	5.53695 2.95393,
	5.54289 2.9579,
	5.54488 2.95195,
	5.54686 2.9579,
	5.55281 2.95393,
	5.54884 2.95988,
	5.55479 2.96187,
	5.54884 2.96385,
	5.55281 2.9698,
	5.54686 2.96583,
	5.54488 2.97178,
	5.54289 2.96583,
	5.53695 2.9698,
	"/>
<Contour name="d01ax40ab2ssvr" hidden="false" closed="true" simplified="false" border="0.5 0 1" fill="0.5 0 1" mode="-13"
 points="5.54091 2.98764,
	5.53496 2.98566,
	5.54091 2.98368,
	5.53695 2.97773,
	5.54289 2.98169,
	5.54488 2.97575,
	5.54686 2.98169,
	5.55281 2.97773,
	5.54884 2.98368,
	5.55479 2.98566,
	5.54884 2.98764,
	5.55281 2.99359,
	5.54686 2.98962,
	5.54488 2.99557,
	5.54289 2.98962,
	5.53695 2.99359,
	"/>
<Contour name="d01ax40ab2ssvr" hidden="false" closed="true" simplified="false" border="0.5 0 1" fill="0.5 0 1" mode="-13"
 points="5.58453 3.00747,
	5.57859 3.00549,
	5.58453 3.0035,
	5.58057 2.99756,
	5.58652 3.00152,
	5.5885 2.99557,
	5.59048 3.00152,
	5.59643 2.99756,
	5.59247 3.0035,
	5.59841 3.00549,
	5.59247 3.00747,
	5.59643 3.01342,
	5.59048 3.00945,
	5.5885 3.0154,
	5.58652 3.00945,
	5.58057 3.01342,
	"/>
<Contour name="d01ax40ab2ssvr" hidden="false" closed="true" simplified="false" border="0.5 0 1" fill="0.5 0 1" mode="-13"
 points="5.59247 3.05109,
	5.58652 3.04911,
	5.59247 3.04713,
	5.5885 3.04118,
	5.59445 3.04514,
	5.59643 3.0392,
	5.59841 3.04514,
	5.60436 3.04118,
	5.6004 3.04713,
	5.60635 3.04911,
	5.6004 3.05109,
	5.60436 3.05704,
	5.59841 3.05308,
	5.59643 3.05902,
	5.59445 3.05308,
	5.5885 3.05704,
	"/>
<Contour name="d01ax40ab2ssvr" hidden="false" closed="true" simplified="false" border="0.5 0 1" fill="0.5 0 1" mode="-13"
 points="5.60238 3.08678,
	5.59643 3.0848,
	5.60238 3.08282,
	5.59841 3.07687,
	5.60436 3.08083,
	5.60635 3.07489,
	5.60833 3.08083,
	5.61428 3.07687,
	5.61031 3.08282,
	5.61626 3.0848,
	5.61031 3.08678,
	5.61428 3.09273,
	5.60833 3.08877,
	5.60635 3.09471,
	5.60436 3.08877,
	5.59841 3.09273,
	"/>
<Contour name="d01ax40ab2ssvr" hidden="false" closed="true" simplified="false" border="0.5 0 1" fill="0.5 0 1" mode="-13"
 points="5.58057 3.13437,
	5.57462 3.13239,
	5.58057 3.13041,
	5.5766 3.12446,
	5.58255 3.12842,
	5.58453 3.12247,
	5.58652 3.12842,
	5.59247 3.12446,
	5.5885 3.13041,
	5.59445 3.13239,
	5.5885 3.13437,
	5.59247 3.14032,
	5.58652 3.13635,
	5.58453 3.1423,
	5.58255 3.13635,
	5.5766 3.14032,
	"/>
<Contour name="d01ax40ab2ssvr" hidden="false" closed="true" simplified="false" border="0.5 0 1" fill="0.5 0 1" mode="-13"
 points="5.54091 3.07092,
	5.53496 3.06894,
	5.54091 3.06696,
	5.53695 3.06101,
	5.54289 3.06497,
	5.54488 3.05902,
	5.54686 3.06497,
	5.55281 3.06101,
	5.54884 3.06696,
	5.55479 3.06894,
	5.54884 3.07092,
	5.55281 3.07687,
	5.54686 3.0729,
	5.54488 3.07885,
	5.54289 3.0729,
	5.53695 3.07687,
	"/>
<Contour name="d01ax40ab2ssvr" hidden="false" closed="true" simplified="false" border="0.5 0 1" fill="0.5 0 1" mode="-13"
 points="5.52505 3.02135,
	5.5191 3.01937,
	5.52505 3.01738,
	5.52108 3.01144,
	5.52703 3.0154,
	5.52902 3.00945,
	5.531 3.0154,
	5.53695 3.01144,
	5.53298 3.01738,
	5.53893 3.01937,
	5.53298 3.02135,
	5.53695 3.0273,
	5.531 3.02333,
	5.52902 3.02928,
	5.52703 3.02333,
	5.52108 3.0273,
	"/>
<Contour name="d01ax40ab2ssvr" hidden="false" closed="true" simplified="false" border="0.5 0 1" fill="0.5 0 1" mode="-13"
 points="5.47944 3.03325,
	5.4735 3.03126,
	5.47944 3.02928,
	5.47548 3.02333,
	5.48143 3.0273,
	5.48341 3.02135,
	5.48539 3.0273,
	5.49134 3.02333,
	5.48738 3.02928,
	5.49332 3.03126,
	5.48738 3.03325,
	5.49134 3.0392,
	5.48539 3.03523,
	5.48341 3.04118,
	5.48143 3.03523,
	5.47548 3.0392,
	"/>
<Contour name="d01ax40ab2ssvr" hidden="false" closed="true" simplified="false" border="0.5 0 1" fill="0.5 0 1" mode="-13"
 points="5.47944 3.06101,
	5.4735 3.05902,
	5.47944 3.05704,
	5.47548 3.05109,
	5.48143 3.05506,
	5.48341 3.04911,
	5.48539 3.05506,
	5.49134 3.05109,
	5.48738 3.05704,
	5.49332 3.05902,
	5.48738 3.06101,
	5.49134 3.06696,
	5.48539 3.06299,
	5.48341 3.06894,
	5.48143 3.06299,
	5.47548 3.06696,
	"/>
<Contour name="d01ax40ab2ssvr" hidden="false" closed="true" simplified="false" border="0.5 0 1" fill="0.5 0 1" mode="-13"
 points="5.41005 3.00945,
	5.4041 3.00747,
	5.41005 3.00549,
	5.40608 2.99954,
	5.41203 3.0035,
	5.41401 2.99756,
	5.41599 3.0035,
	5.42194 2.99954,
	5.41798 3.00549,
	5.42393 3.00747,
	5.41798 3.00945,
	5.42194 3.0154,
	5.41599 3.01144,
	5.41401 3.01738,
	5.41203 3.01144,
	5.40608 3.0154,
	"/>
<Contour name="d01ax40ab2ssvr" hidden="false" closed="true" simplified="false" border="0.5 0 1" fill="0.5 0 1" mode="-13"
 points="5.41599 3.07092,
	5.41005 3.06894,
	5.41599 3.06696,
	5.41203 3.06101,
	5.41798 3.06497,
	5.41996 3.05902,
	5.42194 3.06497,
	5.42789 3.06101,
	5.42393 3.06696,
	5.42987 3.06894,
	5.42393 3.07092,
	5.42789 3.07687,
	5.42194 3.0729,
	5.41996 3.07885,
	5.41798 3.0729,
	5.41203 3.07687,
	"/>
<Contour name="d01ax40ab2ssvr" hidden="false" closed="true" simplified="false" border="0.5 0 1" fill="0.5 0 1" mode="-13"
 points="5.38625 3.13041,
	5.3803 3.12842,
	5.38625 3.12644,
	5.38229 3.12049,
	5.38823 3.12446,
	5.39022 3.11851,
	5.3922 3.12446,
	5.39815 3.12049,
	5.39418 3.12644,
	5.40013 3.12842,
	5.39418 3.13041,
	5.39815 3.13635,
	5.3922 3.13239,
	5.39022 3.13834,
	5.38823 3.13239,
	5.38229 3.13635,
	"/>
<Contour name="d01ax40ab2ssvr" hidden="false" closed="true" simplified="false" border="0.5 0 1" fill="0.5 0 1" mode="-13"
 points="5.31884 3.12644,
	5.31289 3.12446,
	5.31884 3.12247,
	5.31487 3.11653,
	5.32082 3.12049,
	5.3228 3.11454,
	5.32478 3.12049,
	5.33073 3.11653,
	5.32677 3.12247,
	5.33272 3.12446,
	5.32677 3.12644,
	5.33073 3.13239,
	5.32478 3.12842,
	5.3228 3.13437,
	5.32082 3.12842,
	5.31487 3.13239,
	"/>
<Contour name="d01ax40ab2ssvr" hidden="false" closed="true" simplified="false" border="0.5 0 1" fill="0.5 0 1" mode="-13"
 points="5.2534 3.15222,
	5.24745 3.15023,
	5.2534 3.14825,
	5.24944 3.1423,
	5.25538 3.14627,
	5.25737 3.14032,
	5.25935 3.14627,
	5.2653 3.1423,
	5.26133 3.14825,
	5.26728 3.15023,
	5.26133 3.15222,
	5.2653 3.15817,
	5.25935 3.1542,
	5.25737 3.16015,
	5.25538 3.1542,
	5.24944 3.15817,
	"/>
<Contour name="d01ax40ab2ssvr" hidden="false" closed="true" simplified="false" border="0.5 0 1" fill="0.5 0 1" mode="-13"
 points="5.25935 3.12446,
	5.2534 3.12247,
	5.25935 3.12049,
	5.25538 3.11454,
	5.26133 3.11851,
	5.26332 3.11256,
	5.2653 3.11851,
	5.27125 3.11454,
	5.26728 3.12049,
	5.27323 3.12247,
	5.26728 3.12446,
	5.27125 3.13041,
	5.2653 3.12644,
	5.26332 3.13239,
	5.26133 3.12644,
	5.25538 3.13041,
	"/>
<Contour name="d01ax40ab2ssvr" hidden="false" closed="true" simplified="false" border="0.5 0 1" fill="0.5 0 1" mode="-13"
 points="5.53298 3.18989,
	5.52703 3.18791,
	5.53298 3.18592,
	5.52902 3.17998,
	5.53496 3.18394,
	5.53695 3.17799,
	5.53893 3.18394,
	5.54488 3.17998,
	5.54091 3.18592,
	5.54686 3.18791,
	5.54091 3.18989,
	5.54488 3.19584,
	5.53893 3.19187,
	5.53695 3.19782,
	5.53496 3.19187,
	5.52902 3.19584,
	"/>
<Contour name="d01ax40ab2ssvr" hidden="false" closed="true" simplified="false" border="0.5 0 1" fill="0.5 0 1" mode="-13"
 points="5.51712 3.14825,
	5.51117 3.14627,
	5.51712 3.14429,
	5.51315 3.13834,
	5.5191 3.1423,
	5.52108 3.13635,
	5.52307 3.1423,
	5.52902 3.13834,
	5.52505 3.14429,
	5.531 3.14627,
	5.52505 3.14825,
	5.52902 3.1542,
	5.52307 3.15023,
	5.52108 3.15618,
	5.5191 3.15023,
	5.51315 3.1542,
	"/>
<Contour name="d01ax40ab2ssvr" hidden="false" closed="true" simplified="false" border="0.5 0 1" fill="0.5 0 1" mode="-13"
 points="5.45565 3.17204,
	5.4497 3.17006,
	5.45565 3.16808,
	5.45168 3.16213,
	5.45763 3.1661,
	5.45962 3.16015,
	5.4616 3.1661,
	5.46755 3.16213,
	5.46358 3.16808,
	5.46953 3.17006,
	5.46358 3.17204,
	5.46755 3.17799,
	5.4616 3.17403,
	5.45962 3.17998,
	5.45763 3.17403,
	5.45168 3.17799,
	"/>
<Contour name="d01ax40ab2ssvr" hidden="false" closed="true" simplified="false" border="0.5 0 1" fill="0.5 0 1" mode="-13"
 points="5.47548 3.09868,
	5.46953 3.0967,
	5.47548 3.09471,
	5.47151 3.08877,
	5.47746 3.09273,
	5.47944 3.08678,
	5.48143 3.09273,
	5.48738 3.08877,
	5.48341 3.09471,
	5.48936 3.0967,
	5.48341 3.09868,
	5.48738 3.10463,
	5.48143 3.10066,
	5.47944 3.10661,
	5.47746 3.10066,
	5.47151 3.10463,
	"/>
</Transform>

<Transform dim="0"
 xcoef=" 0 1 0 0 0 0"
 ycoef=" 0 0 1 0 0 0">
<Contour name="d01p45" hidden="false" closed="true" simplified="false" border="1 1 0" fill="1 1 0" mode="-9"
 points="6.48959 3.11183,
	6.48959 3.05936,
	6.43712 3.05936,
	6.43712 3.10527,
	6.43056 3.11183,
	6.43056 3.0528,
	6.49615 3.0528,
	6.49615 3.11839,
	6.43056 3.11839,
	6.43712 3.11183,
	"/>
</Transform>

<Transform dim="0"
 xcoef=" 0 1 0 0 0 0"
 ycoef=" 0 0 1 0 0 0">
<Contour name="d05p33" hidden="false" closed="true" simplified="false" border="1 0 0.5" fill="1 0 0.5" mode="9"
 points="4.57115 3.14541,
	4.60216 3.14541,
	4.58665 3.17383,
	"/>
</Transform>

<Transform dim="0"
 xcoef=" 0 1 0 0 0 0"
 ycoef=" 0 0 1 0 0 0">
<Contour name="ax17" comment="LK bouton trace named after cfa" hidden="false" closed="true" simplified="true" border="0 1 1" fill="0.502 1 1" mode="9"
 points="5.4047 2.55939,
	5.40933 2.52978,
	5.41118 2.52238,
	5.41581 2.51498,
	5.41951 2.51128,
	5.42691 2.50665,
	5.43061 2.5048,
	5.43246 2.50295,
	5.44727 2.49832,
	5.45097 2.49647,
	5.45467 2.49647,
	5.45837 2.49462,
	5.47317 2.49369,
	5.48798 2.49092,
	5.51759 2.48907,
	5.52129 2.48722,
	5.53609 2.48537,
	5.5509 2.48167,
	5.58051 2.47796,
	5.59531 2.47704,
	5.60272 2.47519,
	5.63233 2.47426,
	5.63973 2.47334,
	5.65453 2.46686,
	5.66934 2.46409,
	5.69895 2.46316,
	5.70635 2.46316,
	5.71005 2.46409,
	5.71745 2.46316,
	5.73226 2.46686,
	5.73596 2.46871,
	5.75077 2.47056,
	5.75817 2.47241,
	5.76464 2.47889,
	5.76927 2.48629,
	5.77112 2.48999,
	5.77297 2.49184,
	5.7739 2.49555,
	5.77667 2.49925,
	5.77945 2.50665,
	5.78038 2.52145,
	5.7776 2.53626,
	5.77482 2.54366,
	5.76557 2.55754,
	5.75817 2.56494,
	5.75077 2.57049,
	5.74336 2.5742,
	5.72856 2.57512,
	5.72116 2.57605,
	5.71745 2.5779,
	5.71375 2.5779,
	5.69895 2.58345,
	5.69155 2.58623,
	5.68414 2.58715,
	5.66934 2.59178,
	5.61012 2.59548,
	5.58051 2.59363,
	5.5657 2.5927,
	5.5509 2.59363,
	5.5435 2.59455,
	5.48428 2.5927,
	5.46947 2.59178,
	5.46577 2.58993,
	5.46207 2.58993,
	5.43246 2.58067,
	5.43061 2.58067,
	5.41581 2.57049,
	5.4084 2.56494,
	5.4047 2.56217,
	5.4047 2.56032,
	"/>
</Transform>

<Transform dim="0"
 xcoef=" 0 1 0 0 0 0"
 ycoef=" 0 0 1 0 0 0">
<Contour name="ax11" comment="LK bouton trace named after cfa" hidden="false" closed="true" simplified="true" border="0 1 1" fill="0.502 1 1" mode="-9"
 points="2.63446 3.43775,
	2.64017 3.42252,
	2.6535 3.40729,
	2.68395 3.39206,
	2.69918 3.37874,
	2.72012 3.35399,
	2.72773 3.33876,
	2.72964 3.32353,
	2.72202 3.30831,
	2.71822 3.3045,
	2.71822 3.30069,
	2.71441 3.29689,
	2.7087 3.26643,
	2.7068 3.25881,
	2.7087 3.2512,
	2.73535 3.22074,
	2.76009 3.1979,
	2.76771 3.1941,
	2.77152 3.19029,
	2.77532 3.19029,
	2.77913 3.18648,
	2.78294 3.18648,
	2.81339 3.16935,
	2.82862 3.16174,
	2.88953 3.1446,
	2.89715 3.1408,
	2.90095 3.1408,
	2.90476 3.13699,
	2.90857 3.13699,
	2.91238 3.13318,
	2.91999 3.13128,
	2.9276 3.12557,
	2.98852 3.10082,
	3.01897 3.09131,
	3.07988 3.06085,
	3.09511 3.05514,
	3.12367 3.0342,
	3.13128 3.0323,
	3.16174 3.00374,
	3.19219 2.98281,
	3.2512 2.94854,
	3.28166 2.92951,
	3.28546 2.9257,
	3.30069 2.91999,
	3.30831 2.91999,
	3.32353 2.91428,
	3.35399 2.90857,
	3.38445 2.90857,
	3.39967 2.90476,
	3.40729 2.90286,
	3.4149 2.89715,
	3.42252 2.89715,
	3.43775 2.88382,
	3.49866 2.84385,
	3.52911 2.82672,
	3.55957 2.81339,
	3.5748 2.81149,
	3.59003 2.81339,
	3.60525 2.82481,
	3.60906 2.84004,
	3.60906 2.8705,
	3.60335 2.88573,
	3.60335 2.88953,
	3.5748 2.91618,
	3.56718 2.92189,
	3.56338 2.92189,
	3.53482 2.94283,
	3.413 3.00945,
	3.39777 3.01707,
	3.33686 3.03801,
	3.32163 3.04562,
	3.29117 3.05514,
	3.28737 3.05895,
	3.25691 3.06656,
	3.22646 3.07037,
	3.21123 3.07037,
	3.20361 3.07037,
	3.1427 3.09702,
	3.11415 3.11605,
	3.10273 3.12938,
	3.09892 3.13318,
	3.09511 3.13318,
	3.0875 3.13889,
	3.07988 3.1408,
	3.05324 3.16174,
	3.04562 3.16935,
	3.04181 3.17316,
	3.03801 3.17316,
	3.03039 3.18077,
	2.99994 3.1979,
	2.97138 3.21884,
	2.95616 3.22836,
	2.95045 3.23217,
	2.9238 3.25881,
	2.91047 3.27404,
	2.89144 3.3026,
	2.88573 3.31782,
	2.88192 3.34828,
	2.88192 3.36351,
	2.87811 3.37874,
	2.86859 3.39396,
	2.84004 3.42061,
	2.81149 3.44155,
	2.80388 3.44917,
	2.78865 3.45678,
	2.76009 3.47772,
	2.74677 3.48914,
	2.73916 3.49485,
	2.73535 3.49485,
	2.73345 3.49866,
	2.71822 3.50437,
	2.68776 3.50627,
	2.68015 3.50627,
	2.66492 3.49866,
	2.65159 3.48533,
	2.63637 3.45488,
	2.63446 3.43965,
	"/>
</Transform>

<Transform dim="0"
 xcoef=" 0 1 0 0 0 0"
 ycoef=" 0 0 1 0 0 0">
<Contour name="ax29" comment="LK bouton trace named after cfa" hidden="false" closed="true" simplified="true" border="0 1 1" fill="0.502 1 1" mode="11"
 points="7.19393 4.50444,
	7.19942 4.48981,
	7.2287 4.47334,
	7.28724 4.45321,
	7.29456 4.45138,
	7.29822 4.44772,
	7.31286 4.44224,
	7.34213 4.42577,
	7.35677 4.42211,
	7.3714 4.41296,
	7.38238 4.40016,
	7.3897 4.39284,
	7.408 4.36356,
	7.41531 4.35625,
	7.42995 4.3471,
	7.45922 4.33429,
	7.46654 4.3288,
	7.4702 4.32331,
	7.47752 4.31599,
	7.48118 4.30136,
	7.47935 4.28672,
	7.4702 4.27208,
	7.47203 4.26477,
	7.47203 4.26111,
	7.49582 4.23183,
	7.51045 4.22086,
	7.51777 4.2172,
	7.52509 4.20988,
	7.58364 4.17878,
	7.61291 4.15865,
	7.62755 4.1495,
	7.64218 4.14401,
	7.67146 4.12206,
	7.67877 4.11657,
	7.70805 4.10559,
	7.73732 4.09096,
	7.79587 4.05253,
	7.81051 4.04339,
	7.81416 4.04339,
	7.81782 4.03973,
	7.82148 4.03973,
	7.85076 4.02326,
	7.88003 4.01228,
	7.93858 3.99582,
	7.96785 3.9885,
	7.99712 3.98667,
	8.01176 3.98667,
	8.04103 3.97752,
	8.05567 3.97203,
	8.06299 3.96837,
	8.0758 3.95374,
	8.08494 3.9391,
	8.11239 3.91166,
	8.11605 3.90434,
	8.11971 3.90068,
	8.12153 3.89336,
	8.13434 3.88055,
	8.16362 3.86409,
	8.17825 3.85677,
	8.19289 3.85494,
	8.22216 3.8586,
	8.22948 3.86226,
	8.28803 3.86409,
	8.30266 3.86409,
	8.3173 3.86775,
	8.33194 3.87506,
	8.33926 3.88055,
	8.34109 3.88787,
	8.33377 3.90251,
	8.32828 3.90983,
	8.299 3.9208,
	8.26973 3.93544,
	8.25509 3.9391,
	8.24778 3.94093,
	8.24046 3.94642,
	8.23314 3.94825,
	8.2185 3.96105,
	8.20935 3.97569,
	8.19655 3.99033,
	8.19106 3.99765,
	8.18923 4.00497,
	8.19106 4.0196,
	8.18923 4.03424,
	8.18008 4.04888,
	8.15264 4.06717,
	8.138 4.07998,
	8.10873 4.09279,
	8.10141 4.09644,
	8.08677 4.10925,
	8.07945 4.11657,
	8.05018 4.1367,
	8.04652 4.1367,
	8.03189 4.14584,
	8.00261 4.15865,
	7.99529 4.16048,
	7.96602 4.18061,
	7.95321 4.19341,
	7.94955 4.20073,
	7.93492 4.21537,
	7.87637 4.24281,
	7.8471 4.25745,
	7.81782 4.27574,
	7.80319 4.28489,
	7.7794 4.31234,
	7.76842 4.32697,
	7.75379 4.33612,
	7.74647 4.33978,
	7.73183 4.34161,
	7.7172 4.3471,
	7.70439 4.35625,
	7.69158 4.36905,
	7.68792 4.37454,
	7.67329 4.38918,
	7.61474 4.43126,
	7.60742 4.43309,
	7.6001 4.43858,
	7.57083 4.45138,
	7.55619 4.4587,
	7.52692 4.46785,
	7.49765 4.47334,
	7.46837 4.48249,
	7.4391 4.49529,
	7.42446 4.50078,
	7.39519 4.50444,
	7.33664 4.50627,
	7.32932 4.50627,
	7.30005 4.52274,
	7.27078 4.54286,
	7.25614 4.55201,
	7.22687 4.55018,
	7.21223 4.54469,
	7.19759 4.53189,
	7.19393 4.52457,
	7.19393 4.50993,
	7.19393 4.50627,
	"/>
</Transform>

<Transform dim="6"
 xcoef=" 0.149568510978858 0.798203769122156 0.126291262410281 0 0 0"
 ycoef=" 0.131285418108786 0.0635150381227126 1.25013485254534 0 0 0">
<Image mag="0.00223486" contrast="1.248" brightness="-0.105" red="true" green="true" blue="true"
 src="XRZCT.204.jpg" />
<Contour name="domain1" hidden="false" closed="true" simplified="false" border="1 0 1" fill="1 0 1" mode="11"
 points="0 0,
	4083 0,
	4083 4083,
	0 4083,
	"/>
</Transform>

<Transform dim="0"
 xcoef=" 0 1 0 0 0 0"
 ycoef=" 0 0 1 0 0 0">
<Contour name="ax17" comment="LK bouton trace named after cfa" hidden="false" closed="true" simplified="true" border="0 1 1" fill="0.502 1 1" mode="9"
 points="4.31974 2.78818,
	4.32238 2.78113,
	4.33208 2.76703,
	4.33648 2.76086,
	4.33825 2.75822,
	4.35058 2.745,
	4.37878 2.72209,
	4.38583 2.71504,
	4.38848 2.71328,
	4.39553 2.70623,
	4.41756 2.67891,
	4.43166 2.66745,
	4.44311 2.656,
	4.44928 2.64895,
	4.45104 2.64542,
	4.46514 2.63132,
	4.47131 2.62427,
	4.47484 2.62075,
	4.47836 2.61899,
	4.47836 2.61722,
	4.48453 2.61282,
	4.48805 2.61105,
	4.48982 2.60929,
	4.49158 2.60929,
	4.50568 2.5996,
	4.51273 2.59519,
	4.51625 2.59167,
	4.52859 2.58286,
	4.54005 2.5714,
	4.5471 2.56699,
	4.54886 2.56523,
	4.55062 2.56523,
	4.55767 2.56083,
	4.56472 2.55818,
	4.59204 2.54056,
	4.60614 2.53175,
	4.61319 2.5291,
	4.62729 2.52117,
	4.63434 2.51765,
	4.64139 2.51236,
	4.65549 2.50795,
	4.66254 2.50531,
	4.69073 2.5009,
	4.70483 2.4965,
	4.71893 2.49562,
	4.73303 2.49297,
	4.76123 2.49209,
	4.77533 2.49121,
	4.78238 2.49209,
	4.79648 2.49121,
	4.82468 2.49297,
	4.83878 2.49385,
	4.84583 2.49473,
	4.85288 2.49738,
	4.8564 2.49826,
	4.85817 2.50002,
	4.86169 2.5009,
	4.87579 2.50971,
	4.88196 2.51412,
	4.88548 2.51588,
	4.8987 2.5291,
	4.90311 2.53527,
	4.90928 2.54849,
	4.9084 2.56259,
	4.90663 2.56964,
	4.90575 2.57316,
	4.90046 2.58021,
	4.89341 2.5855,
	4.83702 2.60224,
	4.82997 2.60489,
	4.82644 2.60665,
	4.82468 2.60665,
	4.82292 2.60841,
	4.79472 2.61987,
	4.76652 2.62868,
	4.76211 2.63132,
	4.74801 2.63749,
	4.74185 2.6419,
	4.73832 2.64278,
	4.7251 2.65159,
	4.71805 2.65512,
	4.71453 2.65688,
	4.71276 2.65864,
	4.69867 2.66481,
	4.69514 2.66833,
	4.69338 2.66833,
	4.67928 2.67803,
	4.66606 2.68948,
	4.66254 2.69301,
	4.65284 2.70623,
	4.62729 2.73266,
	4.60526 2.7591,
	4.60173 2.76615,
	4.59909 2.76967,
	4.59821 2.7732,
	4.57882 2.80052,
	4.5656 2.81285,
	4.55238 2.84105,
	4.55062 2.84282,
	4.54269 2.87101,
	4.54093 2.87806,
	4.54093 2.88159,
	4.53828 2.88864,
	4.52242 2.91684,
	4.51802 2.92389,
	4.51625 2.92565,
	4.51625 2.92741,
	4.51097 2.93446,
	4.50744 2.94151,
	4.49687 2.95561,
	4.49246 2.96266,
	4.48541 2.96883,
	4.47131 2.97236,
	4.46426 2.97147,
	4.45721 2.96883,
	4.44311 2.95826,
	4.43959 2.95649,
	4.42637 2.94504,
	4.41227 2.93534,
	4.40698 2.93006,
	4.37878 2.90626,
	4.37526 2.9045,
	4.36204 2.89216,
	4.35587 2.88511,
	4.34618 2.8719,
	4.33472 2.8578,
	4.33032 2.85075,
	4.32767 2.84722,
	4.32238 2.81902,
	4.31974 2.79082,
	4.31974 2.78906,
	"/>
</Transform>

<Transform dim="0"
 xcoef=" 0 1 0 0 0 0"
 ycoef=" 0 0 1 0 0 0">
<Contour name="PSDax_d02c45" hidden="false" closed="true" simplified="true" border="1 0 0" fill="0 1 0" mode="9"
 points="4.14014 2.89537,
	4.14165 2.87114,
	4.14316 2.86508,
	4.17951 2.81662,
	4.22494 2.76817,
	4.23705 2.75605,
	4.24311 2.74999,
	4.29157 2.73939,
	4.3158 2.73334,
	4.32791 2.73182,
	4.33094 2.73031,
	4.35214 2.75302,
	4.36425 2.7606,
	4.37637 2.76362,
	4.38243 2.76362,
	4.40665 2.77574,
	4.41574 2.78785,
	4.42634 2.81208,
	4.43088 2.8242,
	4.4324 2.83025,
	4.42937 2.85448,
	4.41574 2.90294,
	4.40817 2.92717,
	4.39757 2.9514,
	4.39303 2.96351,
	4.3688 2.98623,
	4.34457 2.99683,
	4.29611 3.01197,
	4.27188 3.015,
	4.25977 3.01651,
	4.25371 3.01803,
	4.22948 3.015,
	4.21737 3.01197,
	4.21131 3.01197,
	4.18708 3.00289,
	4.17496 2.99834,
	4.15831 2.97411,
	4.14771 2.94988,
	4.14165 2.92566,
	4.14014 2.90143,
	4.14014 2.89688,
	"/>
</Transform>

<Transform dim="0"
 xcoef=" 0 1 0 0 0 0"
 ycoef=" 0 0 1 0 0 0">
<Contour name="d01ax17_DDH" comment="DDH_traced_24july2018" hidden="false" closed="true" simplified="false" border="0 1 0" fill="1 0 0.501961" mode="-9"
 points="2.63009 3.33474,
	2.63009 3.32114,
	2.64368 3.32114,
	2.64368 3.30754,
	2.65728 3.30754,
	2.65728 3.32114,
	2.67088 3.32114,
	2.67088 3.33474,
	2.65728 3.33474,
	2.65728 3.34833,
	2.64368 3.34833,
	2.64368 3.33474,
	"/>
</Transform>

<Transform dim="0"
 xcoef=" 0 1 0 0 0 0"
 ycoef=" 0 0 1 0 0 0">
<Contour name="d01ax18_DDH" comment="DDH_traced_24july2018" hidden="false" closed="true" simplified="false" border="0 1 0" fill="1 0 0.501961" mode="-9"
 points="-0.113514 4.82876,
	-0.113514 4.81821,
	-0.102966 4.81821,
	-0.102966 4.80766,
	-0.0924171 4.80766,
	-0.0924171 4.81821,
	-0.0818684 4.81821,
	-0.0818684 4.82876,
	-0.0924171 4.82876,
	-0.0924171 4.83931,
	-0.102966 4.83931,
	-0.102966 4.82876,
	"/>
</Transform>

<Transform dim="0"
 xcoef=" 0 1 0 0 0 0"
 ycoef=" 0 0 1 0 0 0">
<Contour name="d01ax20_DDH" comment="DDH_traced_24july2018" hidden="false" closed="true" simplified="false" border="0 1 0" fill="1 0 0.501961" mode="-9"
 points="7.10973 1.0798,
	7.10973 1.06663,
	7.1229 1.06663,
	7.1229 1.05346,
	7.13607 1.05346,
	7.13607 1.06663,
	7.14924 1.06663,
	7.14924 1.0798,
	7.13607 1.0798,
	7.13607 1.09297,
	7.1229 1.09297,
	7.1229 1.0798,
	"/>
</Transform>

<Transform dim="0"
 xcoef=" 0 1 0 0 0 0"
 ycoef=" 0 0 1 0 0 0">
<Contour name="d01ax25_DDH" comment="DDH_traced_26july2018" hidden="false" closed="true" simplified="false" border="0 1 0" fill="1 0 0.501961" mode="-9"
 points="10.8456 0.502965,
	10.8456 0.484945,
	10.8636 0.484945,
	10.8636 0.466925,
	10.8816 0.466925,
	10.8816 0.484945,
	10.8996 0.484945,
	10.8996 0.502965,
	10.8816 0.502965,
	10.8816 0.520985,
	10.8636 0.520985,
	10.8636 0.502965,
	"/>
</Transform>

<Transform dim="0"
 xcoef=" 0 1 0 0 0 0"
 ycoef=" 0 0 1 0 0 0">
<Contour name="d01ax48_DDH" comment="DDH_traced_24sep2018" hidden="false" closed="true" simplified="false" border="0 1 0" fill="1 0 0.502" mode="-9"
 points="2.28439 5.47022,
	2.28439 5.45734,
	2.29727 5.45734,
	2.29727 5.44446,
	2.31015 5.44446,
	2.31015 5.45734,
	2.32303 5.45734,
	2.32303 5.47022,
	2.31015 5.47022,
	2.31015 5.48311,
	2.29727 5.48311,
	2.29727 5.47022,
	"/>
</Transform>

<Transform dim="0"
 xcoef=" 0 1 0 0 0 0"
 ycoef=" 0 0 1 0 0 0">
<Contour name="ddh_d01ax17" comment="traced 2018-10-29 after previously stamping" hidden="false" closed="true" simplified="true" border="0.501961 1 0.501961" fill="0.501961 1 0.501961" mode="11"
 points="2.53518 3.33343,
	2.53679 3.32697,
	2.54083 3.32051,
	2.55213 3.31002,
	2.55778 3.30679,
	2.56101 3.30437,
	2.56424 3.30356,
	2.56585 3.30195,
	2.57231 3.30033,
	2.58441 3.29388,
	2.58764 3.29226,
	2.58926 3.29226,
	2.59087 3.29065,
	2.61589 3.28177,
	2.62881 3.27773,
	2.64172 3.27612,
	2.66755 3.27612,
	2.68046 3.27612,
	2.68692 3.27693,
	2.69015 3.27693,
	2.69176 3.27693,
	2.69338 3.27854,
	2.69983 3.28016,
	2.71194 3.28661,
	2.71678 3.29226,
	2.7192 3.29872,
	2.72001 3.30195,
	2.72243 3.30518,
	2.72324 3.30841,
	2.72485 3.30921,
	2.72728 3.31567,
	2.72889 3.31728,
	2.7297 3.32374,
	2.72728 3.33665,
	2.72566 3.33827,
	2.72405 3.34473,
	2.71598 3.35683,
	2.70629 3.36894,
	2.69418 3.37782,
	2.69095 3.37862,
	2.6845 3.38266,
	2.67158 3.3875,
	2.64576 3.38831,
	2.63284 3.3875,
	2.61993 3.38508,
	2.61347 3.38024,
	2.61024 3.37782,
	2.60379 3.3754,
	2.59087 3.37378,
	2.58441 3.37378,
	2.57796 3.37136,
	2.5715 3.37055,
	2.56504 3.36813,
	2.56181 3.36652,
	2.5602 3.36652,
	2.55859 3.3649,
	2.55697 3.3649,
	2.54486 3.35683,
	2.53922 3.35118,
	2.53518 3.34473,
	2.53518 3.33827,
	2.53518 3.33504,
	2.53518 3.33423,
	"/>
</Transform>

<Transform dim="0"
 xcoef=" 0 1 0 0 0 0"
 ycoef=" 0 0 1 0 0 0">
<Contour name="ddh_d01ax18" comment="traced 2018-10-30 after previously stamping" hidden="false" closed="true" simplified="true" border="0.501961 1 0.501961" fill="0.501961 1 0.501961" mode="11"
 points="-0.206033 4.78779,
	-0.202531 4.77845,
	-0.200196 4.77437,
	-0.196111 4.7697,
	-0.187356 4.76386,
	-0.168679 4.75861,
	-0.15934 4.75452,
	-0.140663 4.75043,
	-0.121986 4.74868,
	-0.112647 4.74985,
	-0.0939698 4.74985,
	-0.0752926 4.7481,
	-0.0729579 4.74693,
	-0.0706232 4.74693,
	-0.0659539 4.74518,
	-0.0612846 4.7446,
	-0.05895 4.7446,
	-0.0577827 4.74343,
	-0.0396891 4.73935,
	-0.0350198 4.73818,
	-0.0326851 4.73818,
	-0.0303505 4.73701,
	-0.0116733 4.73584,
	0.00700396 4.73701,
	0.0163426 4.73818,
	0.0256812 4.7411,
	0.0268485 4.74226,
	0.0315178 4.74401,
	0.0361871 4.74693,
	0.0426074 4.7551,
	0.0443584 4.75977,
	0.0443584 4.76911,
	0.0443584 4.77378,
	0.0414401 4.78312,
	0.0356035 4.79246,
	0.0321015 4.79713,
	0.0315178 4.79946,
	0.0280158 4.80355,
	0.0274322 4.80588,
	0.0256812 4.80763,
	0.0256812 4.8088,
	0.0245139 4.80997,
	0.0227629 4.81931,
	0.0227629 4.82398,
	0.0227629 4.82631,
	0.0268485 4.83565,
	0.0285995 4.83798,
	0.0285995 4.83915,
	0.0356035 4.84732,
	0.0408564 4.85549,
	0.0449421 4.86425,
	0.0461094 4.86892,
	0.0461094 4.87826,
	0.0449421 4.8876,
	0.0443584 4.89226,
	0.0437747 4.8946,
	0.0426074 4.89518,
	0.0426074 4.89635,
	0.0367708 4.90569,
	0.0285995 4.91444,
	0.0262648 4.91561,
	0.0250975 4.91678,
	0.0227629 4.91736,
	0.0215955 4.91853,
	0.0122569 4.92028,
	0.00291832 4.92028,
	-0.00175099 4.91911,
	-0.0064203 4.91911,
	-0.0157589 4.91678,
	-0.0204282 4.91503,
	-0.0227629 4.91328,
	-0.0321015 4.91036,
	-0.0367708 4.90861,
	-0.0461094 4.90744,
	-0.055448 4.90744,
	-0.0741252 4.90977,
	-0.0928024 4.90919,
	-0.11148 4.90627,
	-0.116149 4.90569,
	-0.120818 4.90394,
	-0.125488 4.90394,
	-0.144165 4.90044,
	-0.148834 4.89927,
	-0.153503 4.89693,
	-0.155838 4.89577,
	-0.157005 4.89577,
	-0.16576 4.88993,
	-0.169262 4.88643,
	-0.171597 4.88526,
	-0.179768 4.87651,
	-0.183854 4.87359,
	-0.185605 4.87125,
	-0.189691 4.86833,
	-0.195527 4.85958,
	-0.200196 4.85024,
	-0.20078 4.83156,
	-0.20078 4.82689,
	-0.202531 4.81756,
	-0.202531 4.81522,
	-0.203698 4.81289,
	-0.204866 4.80355,
	-0.206033 4.80121,
	-0.206033 4.79187,
	-0.206033 4.78954,
	-0.206033 4.78837,
	"/>
</Transform>

<Transform dim="0"
 xcoef=" 0 1 0 0 0 0"
 ycoef=" 0 0 1 0 0 0">
<Contour name="ddh_d01ax20" comment="traced 2018-11-09 after previously stamping" hidden="false" closed="true" simplified="true" border="0.501961 1 0.501961" fill="0.501961 1 0.501961" mode="11"
 points="7.04787 1.11634,
	7.04916 1.1112,
	7.05173 1.10605,
	7.05494 1.09576,
	7.05945 1.08547,
	7.06716 1.07519,
	7.07166 1.07004,
	7.07424 1.06747,
	7.07938 1.0649,
	7.08195 1.06233,
	7.08452 1.06168,
	7.0871 1.05975,
	7.08838 1.05718,
	7.09803 1.04818,
	7.10832 1.04432,
	7.11861 1.04239,
	7.13918 1.04175,
	7.14947 1.04496,
	7.15462 1.04689,
	7.15976 1.05011,
	7.16233 1.05204,
	7.17262 1.05397,
	7.17777 1.05718,
	7.18484 1.06683,
	7.18677 1.07197,
	7.18548 1.08226,
	7.18355 1.0874,
	7.17712 1.09769,
	7.16748 1.10605,
	7.16233 1.10927,
	7.15976 1.1112,
	7.15848 1.1112,
	7.1559 1.11313,
	7.15462 1.11313,
	7.15205 1.11506,
	7.15076 1.11506,
	7.14819 1.11698,
	7.14561 1.11763,
	7.14047 1.12084,
	7.11989 1.12985,
	7.11475 1.13242,
	7.11218 1.13306,
	7.1096 1.13499,
	7.09931 1.13885,
	7.07874 1.14078,
	7.07359 1.14078,
	7.06845 1.13949,
	7.0633 1.13949,
	7.05816 1.13628,
	7.05301 1.13177,
	7.04916 1.12663,
	7.04787 1.12534,
	7.04787 1.1202,
	7.04787 1.11763,
	7.04787 1.11698,
	"/>
</Transform>

</Section>