<?xml version="1.0"?>
<!DOCTYPE Section SYSTEM "section.dtd">

<Section index="203" thickness="0.062" alignLocked="true">
<Transform dim="0"
 xcoef=" 0 1 0 0 0 0"
 ycoef=" 0 0 1 0 0 0">
<Contour name="d02" hidden="false" closed="true" simplified="true" border="1 1 0" fill="1 0 1" mode="11"
 points="5.792 2.66992,
	5.82645 2.60102,
	5.8609 2.57087,
	5.90827 2.51489,
	5.94703 2.44599,
	5.97287 2.41585,
	6.00732 2.39431,
	6.04177 2.3814,
	6.11067 2.33833,
	6.14512 2.32111,
	6.16235 2.30819,
	6.23125 2.31249,
	6.23986 2.32111,
	6.30876 2.32541,
	6.34321 2.33833,
	6.37766 2.34264,
	6.39489 2.35125,
	6.46379 2.34695,
	6.48101 2.33833,
	6.48963 2.33833,
	6.52408 2.3168,
	6.5413 2.30819,
	6.6102 2.2479,
	6.6791 2.21776,
	6.74801 2.20484,
	6.88581 2.20484,
	6.95471 2.19192,
	6.98916 2.179,
	7.02361 2.179,
	7.04084 2.179,
	7.04945 2.179,
	7.0839 2.20914,
	7.10112 2.22206,
	7.11835 2.22206,
	7.12696 2.23067,
	7.12266 2.26513,
	7.05806 2.32111,
	7.02361 2.35125,
	6.95902 2.39862,
	6.9504 2.41585,
	6.9504 2.4503,
	6.9504 2.45891,
	6.92026 2.48905,
	6.90303 2.49767,
	6.86858 2.50197,
	6.83413 2.5235,
	6.80399 2.55796,
	6.77384 2.58379,
	6.75662 2.60102,
	6.73939 2.60102,
	6.73078 2.60102,
	6.68341 2.66992,
	6.67049 2.68714,
	6.65327 2.69145,
	6.58867 2.73882,
	6.56283 2.76896,
	6.49824 2.81203,
	6.22263 2.81633,
	6.18818 2.82064,
	6.15373 2.84648,
	6.14512 2.85509,
	6.11928 2.92399,
	6.11067 2.94122,
	6.09345 2.95844,
	6.05899 2.97567,
	5.99009 2.97567,
	5.95564 2.97567,
	5.93842 2.98428,
	5.92119 2.98428,
	5.90827 2.96706,
	5.90827 2.93261,
	5.90397 2.91538,
	5.83507 2.86801,
	5.83076 2.85078,
	5.83937 2.81633,
	5.8566 2.78188,
	5.85229 2.74743,
	5.81784 2.73021,
	5.80062 2.71298,
	5.792 2.69576,
	5.792 2.67853,
	5.792 2.67423,
	"/>
<Contour name="d04" hidden="false" closed="true" simplified="true" border="1 0 0" fill="1 0 0" mode="9"
 points="1.21109 4.07558,
	1.2146 4.06154,
	1.22864 4.0475,
	1.28481 4.02292,
	1.31289 4.01941,
	1.32693 4.02644,
	1.33395 4.02644,
	1.34097 4.04048,
	1.34097 4.06856,
	1.33395 4.07909,
	1.31991 4.09313,
	1.26375 4.1142,
	1.23566 4.1142,
	1.22162 4.1142,
	1.21109 4.10015,
	1.21109 4.08611,
	1.21109 4.07909,
	"/>
<Contour name="d04" hidden="false" closed="true" simplified="true" border="1 0 0" fill="1 0 0" mode="9"
 points="0.305405 3.55955,
	0.319447 3.54551,
	0.333489 3.53849,
	0.361572 3.53849,
	0.375613 3.53849,
	0.43178 3.57359,
	0.445821 3.58061,
	0.473905 3.58061,
	0.501988 3.59114,
	0.509009 3.59817,
	0.565175 3.61221,
	0.789841 3.6087,
	0.817924 3.6087,
	0.874091 3.58061,
	0.930257 3.5771,
	0.958341 3.56657,
	1.01451 3.53147,
	1.06716 3.47881,
	1.09525 3.45775,
	1.09876 3.44371,
	1.07418 3.42265,
	1.07067 3.39456,
	1.07067 3.38754,
	1.11982 3.3384,
	1.17599 3.29978,
	1.20407 3.27872,
	1.26024 3.24713,
	1.28832 3.23659,
	1.30236 3.22606,
	1.30938 3.22606,
	1.3164 3.21904,
	1.42874 3.17341,
	1.44278 3.16288,
	1.47086 3.15234,
	1.4849 3.14532,
	1.49192 3.1383,
	1.50596 3.13479,
	1.56213 3.09969,
	1.59021 3.08565,
	1.63585 3.05054,
	1.64989 3.04352,
	1.65691 3.04352,
	1.68499 3.01895,
	1.74116 2.98384,
	1.74818 2.98384,
	1.80435 2.95225,
	1.86051 2.92768,
	1.91668 2.91364,
	1.97285 2.90662,
	2.02901 2.90662,
	2.0571 2.90662,
	2.08518 2.92066,
	2.09922 2.93119,
	2.10624 2.94172,
	2.13433 2.95576,
	2.19049 2.95576,
	2.24666 2.96629,
	2.27123 2.98384,
	2.28527 2.99087,
	2.39761 2.99438,
	2.42569 3.01193,
	2.43271 3.04001,
	2.43271 3.04703,
	2.46079 3.07512,
	2.47133 3.08565,
	2.46782 3.14181,
	2.47133 3.19798,
	2.48186 3.22606,
	2.4959 3.23659,
	2.60823 3.2401,
	2.63631 3.2401,
	2.65036 3.24713,
	2.65387 3.26117,
	2.63982 3.26468,
	2.61174 3.28223,
	2.55558 3.30329,
	2.54153 3.31382,
	2.53451 3.32084,
	2.52749 3.32084,
	2.49941 3.3384,
	2.47133 3.34893,
	2.41516 3.35595,
	2.40112 3.35946,
	2.38708 3.36999,
	2.37303 3.3735,
	2.35197 3.40158,
	2.33793 3.41211,
	2.30985 3.41211,
	2.25368 3.4402,
	2.2256 3.46126,
	2.20453 3.48934,
	2.19049 3.49987,
	2.07816 3.53147,
	2.05008 3.542,
	2.03604 3.54551,
	2.00795 3.56306,
	1.97987 3.57359,
	1.97285 3.57359,
	1.94476 3.59114,
	1.93774 3.59114,
	1.92721 3.60168,
	1.87105 3.61221,
	1.75871 3.61221,
	1.70255 3.61923,
	1.67446 3.61923,
	1.56213 3.65784,
	1.54809 3.66837,
	1.53405 3.67188,
	1.50596 3.68944,
	1.4498 3.71401,
	1.43576 3.71752,
	1.42171 3.72805,
	1.36555 3.7456,
	1.25321 3.76315,
	1.23917 3.76315,
	1.22513 3.77369,
	1.16897 3.79475,
	1.1128 3.80528,
	1.05663 3.80528,
	1.02855 3.80528,
	0.972382 3.78773,
	0.944299 3.7772,
	0.831966 3.77369,
	0.7758 3.77369,
	0.747716 3.76315,
	0.733675 3.75613,
	0.621342 3.75613,
	0.6073 3.75262,
	0.600279 3.75262,
	0.575707 3.72454,
	0.561665 3.7105,
	0.505498 3.69997,
	0.477415 3.69646,
	0.421249 3.67188,
	0.407207 3.66486,
	0.396676 3.65082,
	0.393165 3.63678,
	0.382634 3.62625,
	0.354551 3.61923,
	0.340509 3.61572,
	0.312426 3.59466,
	0.305405 3.58763,
	0.305405 3.56306,
	"/>
<Contour name="d04" hidden="false" closed="true" simplified="true" border="1 0 0" fill="1 0 0" mode="9"
 points="1.19705 4.4863,
	1.20407 4.45821,
	1.21109 4.44417,
	1.23917 4.4196,
	1.29534 4.38801,
	1.32342 4.37045,
	1.33746 4.36343,
	1.4498 4.35992,
	1.47788 4.35641,
	1.50245 4.3845,
	1.5165 4.39503,
	1.5165 4.45119,
	1.49543 4.47928,
	1.48841 4.4863,
	1.37608 4.53895,
	1.31991 4.55651,
	1.26375 4.55651,
	1.23566 4.553,
	1.20758 4.54246,
	1.19705 4.52842,
	1.19705 4.50034,
	1.19705 4.48981,
	"/>
<Contour name="d08" hidden="false" closed="true" simplified="true" border="1 1 0" fill="1 0 0.5" mode="9"
 points="4.47352 4.91992,
	4.48307 4.91037,
	4.48784 4.90082,
	4.52365 4.86979,
	4.57139 4.79817,
	4.5881 4.78146,
	4.6072 4.77191,
	4.6263 4.75759,
	4.66449 4.74804,
	4.70269 4.73372,
	4.77907 4.72656,
	4.85546 4.72656,
	4.93185 4.70985,
	4.97005 4.71701,
	4.98914 4.72178,
	4.99869 4.72178,
	5.01779 4.73372,
	5.02734 4.74088,
	5.04644 4.74804,
	5.05598 4.75282,
	5.07508 4.75282,
	5.09418 4.75759,
	5.09895 4.76236,
	5.10373 4.76236,
	5.12282 4.77669,
	5.13237 4.77907,
	5.15147 4.79101,
	5.16102 4.79817,
	5.17057 4.80056,
	5.17773 4.81011,
	5.17773 4.8292,
	5.17773 4.83875,
	5.19444 4.85785,
	5.21354 4.87217,
	5.22308 4.87933,
	5.23263 4.88172,
	5.26367 4.91275,
	5.28276 4.92946,
	5.29231 4.93424,
	5.32573 4.96766,
	5.33289 4.97721,
	5.33289 5.0154,
	5.33051 5.0345,
	5.31857 5.0536,
	5.28038 5.07747,
	5.27083 5.08463,
	5.23263 5.10134,
	5.21354 5.11566,
	5.20399 5.12044,
	5.19683 5.12999,
	5.19205 5.13476,
	5.18966 5.14431,
	5.16341 5.18012,
	5.14908 5.19683,
	5.13953 5.20637,
	5.13476 5.21592,
	5.13476 5.2207,
	5.12521 5.22786,
	5.10611 5.23502,
	5.02973 5.23502,
	4.95334 5.22308,
	4.91514 5.21831,
	4.89604 5.21354,
	4.85785 5.19205,
	4.81966 5.17773,
	4.74327 5.17534,
	4.70507 5.16102,
	4.68598 5.14431,
	4.64778 5.1276,
	4.63823 5.11805,
	4.6263 5.09895,
	4.5881 5.06792,
	4.58094 5.05837,
	4.57378 5.03927,
	4.57139 5.00108,
	4.56423 4.98198,
	4.55946 4.97243,
	4.52126 4.95811,
	4.51649 4.95811,
	4.49739 4.94617,
	4.48784 4.94379,
	4.47829 4.93663,
	4.47352 4.93185,
	4.47352 4.9223,
	"/>
<Contour name="d10" hidden="false" closed="true" simplified="true" border="0 1 1" fill="0 1 1" mode="9"
 points="6.7537 0.76869,
	6.77763 0.720834,
	6.79857 0.699897,
	6.84642 0.669986,
	6.87035 0.655031,
	6.91821 0.640076,
	6.94214 0.640076,
	6.96606 0.634094,
	6.97803 0.628112,
	6.98401 0.628112,
	7.00196 0.610166,
	7.00794 0.598202,
	7.00495 0.574274,
	6.98102 0.559319,
	6.93316 0.544364,
	6.90924 0.538382,
	6.86138 0.535391,
	6.84942 0.529409,
	6.84044 0.517445,
	6.84343 0.505481,
	6.8554 0.493517,
	6.87933 0.481553,
	6.90026 0.460616,
	6.94812 0.433697,
	6.99597 0.394813,
	7.0199 0.370885,
	7.03187 0.358921,
	7.0558 0.346957,
	7.06178 0.340975,
	7.06776 0.340975,
	7.07374 0.334993,
	7.1216 0.32602,
	7.31302 0.323029,
	7.33695 0.314056,
	7.34891 0.311065,
	7.3549 0.305083,
	7.45061 0.278164,
	7.54632 0.275173,
	7.59418 0.275173,
	7.61811 0.275173,
	7.64203 0.281155,
	7.66596 0.293119,
	7.71382 0.29611,
	7.73775 0.299101,
	7.74971 0.299101,
	7.77364 0.284146,
	7.79457 0.275173,
	7.80056 0.272182,
	7.80953 0.281155,
	7.81252 0.293119,
	7.82448 0.284146,
	7.87234 0.281155,
	7.89328 0.29611,
	7.90225 0.308074,
	7.90524 0.332002,
	7.89926 0.343966,
	7.89926 0.35593,
	7.89029 0.379858,
	7.89029 0.403786,
	7.89627 0.415751,
	7.89627 0.427715,
	7.89627 0.433697,
	7.84841 0.466598,
	7.82448 0.487535,
	7.80056 0.50249,
	7.77663 0.511463,
	7.76466 0.520436,
	7.7527 0.520436,
	7.74074 0.526418,
	7.71681 0.550346,
	7.70784 0.56231,
	7.70484 0.586238,
	7.70784 0.598202,
	7.72578 0.62213,
	7.72877 0.634094,
	7.72877 0.640076,
	7.71681 0.649049,
	7.70484 0.649049,
	7.65699 0.666995,
	7.65101 0.666995,
	7.60614 0.702888,
	7.59119 0.726816,
	7.58221 0.750744,
	7.58221 0.7986,
	7.58221 0.810564,
	7.57922 0.816546,
	7.48351 0.816546,
	7.43565 0.831501,
	7.3878 0.85842,
	7.34293 0.891321,
	7.33097 0.903285,
	7.28311 0.91824,
	7.23526 0.924222,
	7.13954 0.924222,
	7.11562 0.924222,
	7.0199 0.903285,
	6.92419 0.88833,
	6.82848 0.864402,
	6.80455 0.85842,
	6.79259 0.852438,
	6.76866 0.831501,
	6.75669 0.819537,
	6.7537 0.771681,
	"/>
<Contour name="d10" hidden="false" closed="true" simplified="true" border="0 1 1" fill="0 1 1" mode="9"
 points="6.46956 1.14257,
	6.48451 1.11864,
	6.49049 1.10667,
	6.50246 1.09471,
	6.54732 1.07078,
	6.57125 1.06181,
	6.59518 1.05882,
	6.60714 1.05882,
	6.61313 1.05882,
	6.63705 1.07676,
	6.64304 1.08275,
	6.64304 1.09471,
	6.63705 1.10667,
	6.63705 1.11266,
	6.60116 1.15752,
	6.57723 1.17846,
	6.56527 1.18145,
	6.55331 1.19042,
	6.50545 1.19341,
	6.48451 1.18444,
	6.47255 1.17248,
	6.46956 1.14855,
	6.46956 1.14556,
	"/>
<Contour name="d05" hidden="false" closed="true" simplified="true" border="1 1 0" fill="1 1 0" mode="9"
 points="4.43488 3.07116,
	4.43858 3.05637,
	4.43858 3.04898,
	4.44597 3.04159,
	4.44597 3.0342,
	4.45336 3.02681,
	4.45336 3.01942,
	4.48662 2.96398,
	4.50141 2.93811,
	4.5051 2.92333,
	4.51619 2.91224,
	4.51989 2.89746,
	4.56054 2.83833,
	4.60858 2.77919,
	4.63076 2.74963,
	4.68989 2.70158,
	4.74902 2.66463,
	4.7638 2.65354,
	4.7712 2.65354,
	4.77859 2.64615,
	4.83772 2.62767,
	4.86728 2.62397,
	4.88207 2.61658,
	5.00033 2.60549,
	5.11859 2.58702,
	5.14816 2.57593,
	5.17773 2.57962,
	5.1999 2.60549,
	5.21468 2.61289,
	5.27382 2.61289,
	5.33295 2.60549,
	5.39208 2.60549,
	5.42165 2.60919,
	5.45121 2.62028,
	5.56947 2.62767,
	5.58426 2.63136,
	5.64339 2.6831,
	5.66187 2.71267,
	5.66556 2.74224,
	5.65817 2.7718,
	5.60274 2.82354,
	5.57317 2.83833,
	5.4623 2.92333,
	5.41425 2.96028,
	5.38469 2.98246,
	5.3699 2.98985,
	5.31447 3.0379,
	5.29969 3.05268,
	5.27751 3.07116,
	5.22208 3.11181,
	5.20729 3.12659,
	5.14816 3.16355,
	5.08903 3.17464,
	4.97077 3.17833,
	4.9412 3.18203,
	4.93381 3.18203,
	4.92642 3.18942,
	4.80815 3.21899,
	4.68989 3.24116,
	4.67511 3.24486,
	4.66771 3.24486,
	4.65293 3.25594,
	4.63815 3.25964,
	4.62337 3.27073,
	4.5938 3.28181,
	4.57902 3.28921,
	4.54945 3.28921,
	4.51989 3.28181,
	4.5051 3.27442,
	4.49402 3.24486,
	4.5051 3.18572,
	4.50141 3.17094,
	4.47554 3.15246,
	4.44967 3.12659,
	4.44227 3.1192,
	4.43488 3.08964,
	4.43488 3.07485,
	"/>
<Contour name="d05" hidden="false" closed="true" simplified="true" border="1 1 0" fill="1 1 0" mode="9"
 points="3.68095 3.5516,
	3.69574 3.52204,
	3.7253 3.50356,
	3.73269 3.50356,
	3.74009 3.49617,
	3.85835 3.4703,
	3.97661 3.45921,
	4.03574 3.45921,
	4.04314 3.45921,
	4.0727 3.48508,
	4.09488 3.51465,
	4.09857 3.54421,
	4.0764 3.57008,
	4.06901 3.57008,
	4.06161 3.57747,
	4.05422 3.57747,
	4.04683 3.58486,
	3.9877 3.60704,
	3.98031 3.61443,
	3.95074 3.62552,
	3.93596 3.63291,
	3.92857 3.63291,
	3.92118 3.6403,
	3.89161 3.64769,
	3.83248 3.644,
	3.77335 3.62921,
	3.74378 3.62552,
	3.71421 3.60704,
	3.69943 3.59965,
	3.68834 3.58486,
	3.68095 3.5553,
	"/>
<Contour name="d05p33" hidden="false" closed="true" simplified="false" border="1 0 0.5" fill="1 0 0.5" mode="-13"
 points="4.55404 3.20115,
	4.58487 3.20115,
	4.56945 3.22941,
	"/>
<Contour name="d05c33" hidden="false" closed="true" simplified="true" border="1 0 0" fill="0 1 0" mode="9"
 points="3.64862 3.56458,
	3.66759 3.54561,
	3.67843 3.53748,
	3.68928 3.53748,
	3.70012 3.54561,
	3.70554 3.56729,
	3.70825 3.57814,
	3.71367 3.57814,
	3.71909 3.58356,
	3.74078 3.58356,
	3.7462 3.58356,
	3.74891 3.60524,
	3.7462 3.61609,
	3.72723 3.63777,
	3.71638 3.64319,
	3.67301 3.64048,
	3.65133 3.62151,
	3.64862 3.57814,
	3.64862 3.56729,
	"/>
<Contour name="d05cfa33" hidden="false" closed="false" simplified="false" border="0 1 1" fill="0 1 1" mode="-13"
 points="3.73731 3.61903,
	3.69394 3.5865,
	3.6831 3.56752,
	3.6831 3.5377,
	"/>
<Contour name="d05plinn34" hidden="false" closed="true" simplified="false" border="0 0 1" fill="0 0 1" mode="-13"
 points="4.9732 2.95036,
	4.91858 2.89575,
	4.9732 2.84113,
	5.02781 2.89575,
	"/>
<Contour name="D11" hidden="false" closed="true" simplified="true" border="1 0.5 0" fill="1 0.5 0" mode="13"
 points="4.02122 4.24927,
	4.02875 4.18722,
	4.0509 4.12892,
	4.08633 4.0779,
	4.1329 4.03722,
	4.18779 4.00935,
	4.24768 3.99598,
	4.30897 3.9979,
	4.36795 4.01501,
	4.42105 4.04627,
	4.46507 4.08979,
	4.49735 4.14295,
	4.51594 4.20253,
	4.51972 4.26493,
	4.50845 4.32638,
	4.48282 4.38318,
	4.44438 4.43189,
	4.39545 4.46956,
	4.33898 4.49393,
	4.27839 4.50352,
	4.21733 4.49776,
	4.1595 4.47698,
	4.10838 4.44244,
	4.06707 4.39624,
	4.03807 4.34116,
	"/>
<Contour name="D13" hidden="false" closed="true" simplified="true" border="1 0 0.5" fill="1 0 0.5" mode="9"
 points="3.34651 1.65839,
	3.35458 1.59738,
	3.37843 1.53913,
	3.41697 1.48627,
	3.46846 1.44118,
	3.53058 1.40592,
	3.60052 1.38206,
	3.67513 1.37069,
	3.75102 1.37233,
	3.82476 1.38689,
	3.89303 1.41372,
	3.95275 1.45161,
	4.0012 1.49884,
	4.0362 1.55329,
	4.05618 1.61248,
	4.06022 1.67375,
	4.04814 1.73433,
	4.0205 1.79147,
	3.97853 1.8426,
	3.92414 1.88541,
	3.85978 1.91795,
	3.78837 1.93877,
	3.71312 1.94691,
	3.63745 1.94201,
	3.56477 1.9243,
	3.49836 1.89457,
	3.44123 1.85417,
	3.39595 1.80491,
	3.36458 1.74904,
	"/>
<Contour name="d11" hidden="false" closed="true" simplified="true" border="0.501961 0 0" fill="1 0.5 0" mode="11"
 points="3.05196 5.03384,
	3.08292 4.98222,
	3.13798 4.9719,
	3.1655 4.96846,
	3.22055 4.94093,
	3.24808 4.92717,
	3.35818 4.92717,
	3.41324 4.92717,
	3.44076 4.92373,
	3.49581 4.89276,
	3.49926 4.88932,
	3.5027 4.89276,
	3.46485 4.94782,
	3.43388 5.00287,
	3.40635 5.02695,
	3.3513 5.05792,
	3.2412 5.08889,
	3.18615 5.10953,
	3.13109 5.11641,
	3.11733 5.11641,
	3.11045 5.11641,
	3.0726 5.06136,
	3.06228 5.0476,
	3.0554 5.04072,
	3.0554 5.03728,
	"/>
<Contour name="d11" hidden="false" closed="true" simplified="true" border="0.501961 0 0" fill="1 0.5 0" mode="11"
 points="2.70201 4.48817,
	2.80996 4.43757,
	2.83694 4.42408,
	2.89091 4.40215,
	2.9179 4.39035,
	2.93139 4.38697,
	2.98537 4.38697,
	3.01235 4.38866,
	3.01573 4.38866,
	3.03934 4.41564,
	3.04271 4.41902,
	3.04103 4.43251,
	3.03934 4.43926,
	3.03934 4.44263,
	3.01741 4.46962,
	3.01067 4.47636,
	2.95669 4.4966,
	2.90272 4.52359,
	2.87574 4.53877,
	2.84875 4.54889,
	2.83526 4.55395,
	2.82851 4.55732,
	2.77454 4.5607,
	2.74755 4.5607,
	2.72056 4.5354,
	2.70707 4.52359,
	2.70201 4.51684,
	2.70201 4.48986,
	"/>
<Contour name="d13" hidden="false" closed="true" simplified="true" border="1 0 0.5" fill="1 0 0.5" mode="11"
 points="1.8233 1.55158,
	1.84953 1.5216,
	1.85703 1.5141,
	1.86077 1.50661,
	1.86639 1.47663,
	1.86639 1.46913,
	1.87014 1.46163,
	1.99007 1.36419,
	2.03879 1.30423,
	2.06878 1.29111,
	2.09876 1.28174,
	2.10625 1.27799,
	2.11 1.27612,
	2.11562 1.28174,
	2.12687 1.31172,
	2.10813 1.37169,
	2.09501 1.43165,
	2.09501 1.46163,
	2.09126 1.49162,
	2.08939 1.50661,
	2.0313 1.54221,
	1.97133 1.58156,
	1.91137 1.61155,
	1.90387 1.61529,
	1.87389 1.61342,
	1.86639 1.61155,
	1.86265 1.61155,
	1.83454 1.58156,
	1.82892 1.57407,
	1.82517 1.57032,
	1.8233 1.55533,
	1.8233 1.55346,
	"/>
<Contour name="d13" hidden="false" closed="true" simplified="true" border="1 0 0.5" fill="1 0 0.5" mode="11"
 points="1.36794 0.891972,
	1.4279 0.848872,
	1.42978 0.846998,
	1.44477 0.856368,
	1.45227 0.86199,
	1.45601 0.86199,
	1.46913 0.871359,
	1.47663 0.876981,
	1.4785 0.906963,
	1.47663 0.921954,
	1.45601 0.950062,
	1.42603 0.95381,
	1.41104 0.955684,
	1.40354 0.957558,
	1.3998 0.95381,
	1.39605 0.955684,
	1.36794 0.931324,
	1.36794 0.901341,
	1.36794 0.893846,
	"/>
<Contour name="d13" hidden="false" closed="true" simplified="true" border="1 0 0.5" fill="1 0 0.5" mode="11"
 points="1.31735 2.34611,
	1.34358 2.31613,
	1.35857 2.30114,
	1.36419 2.29364,
	1.36794 2.28989,
	1.36981 2.25991,
	1.39792 2.22993,
	1.4279 2.21306,
	1.4354 2.20932,
	1.44664 2.17933,
	1.48412 2.11937,
	1.50099 2.05941,
	1.50661 2.02942,
	1.50848 2.01443,
	1.50848 2.00694,
	1.50473 1.99944,
	1.49724 1.99195,
	1.48787 1.97695,
	1.48412 1.97133,
	1.50099 1.94135,
	1.54596 1.88139,
	1.56845 1.8514,
	1.57407 1.84391,
	1.63403 1.81955,
	1.694 1.79893,
	1.70899 1.79331,
	1.71274 1.79519,
	1.70899 1.82517,
	1.70524 1.84016,
	1.66401 1.90012,
	1.6434 1.93011,
	1.61904 1.96009,
	1.58906 1.99007,
	1.57407 2.00132,
	1.55158 2.06128,
	1.54221 2.09126,
	1.53659 2.15123,
	1.53472 2.16622,
	1.54409 2.22618,
	1.57594 2.28615,
	1.57969 2.30114,
	1.58156 2.30863,
	1.56845 2.3686,
	1.57219 2.39858,
	1.57219 2.40608,
	1.63028 2.46229,
	1.65465 2.49227,
	1.66027 2.49977,
	1.65839 2.51476,
	1.65839 2.52226,
	1.64153 2.55224,
	1.61155 2.58222,
	1.59655 2.59534,
	1.56657 2.60471,
	1.55908 2.60658,
	1.49911 2.59721,
	1.46913 2.59721,
	1.41104 2.53912,
	1.36044 2.47916,
	1.33983 2.44917,
	1.33046 2.41919,
	1.32671 2.38921,
	1.31922 2.35923,
	1.31735 2.35173,
	1.31735 2.34798,
	"/>
<Contour name="d13p94" hidden="false" closed="true" simplified="false" border="1 0 0" fill="1 0 0" mode="-13"
 points="2.13098 1.76815,
	2.14183 1.75296,
	2.13098 1.73777,
	2.13749 1.73777,
	2.14617 1.75079,
	2.15485 1.73777,
	2.16136 1.73777,
	2.15051 1.75296,
	2.16136 1.76815,
	2.15485 1.76815,
	2.14617 1.75513,
	2.13749 1.76815,
	"/>
<Contour name="d13" hidden="false" closed="true" simplified="true" border="1 0 0.5" fill="1 0 0.5" mode="11"
 points="1.98509 1.69046,
	2.17776 1.61219,
	2.22593 1.59112,
	2.4186 1.44963,
	2.51493 1.38039,
	2.5631 1.34727,
	2.65943 1.30814,
	2.7076 1.28706,
	2.73169 1.27502,
	2.82802 1.25696,
	2.87619 1.24793,
	2.97252 1.21481,
	2.99661 1.20879,
	3.09294 1.16363,
	3.28561 1.14858,
	3.28862 1.14557,
	3.2826 1.14256,
	3.33077 1.12751,
	3.35485 1.11848,
	3.36689 1.11547,
	3.46323 1.13052,
	3.51139 1.13654,
	3.52343 1.13955,
	3.53548 1.15159,
	3.72815 1.08235,
	3.82448 1.04924,
	3.87265 1.03719,
	3.89673 1.03117,
	3.99307 1.04924,
	4.04123 1.05827,
	4.13757 1.06128,
	4.2339 1.05526,
	4.28207 1.04322,
	4.3784 1.00709,
	4.42657 0.973975,
	4.47474 0.934839,
	4.48979 0.910756,
	4.49581 0.898714,
	4.48377 0.850547,
	4.48979 0.826463,
	4.50785 0.802379,
	4.53194 0.784317,
	4.54398 0.775285,
	4.64031 0.757223,
	4.6644 0.763244,
	4.67644 0.766254,
	4.77277 0.751202,
	4.82094 0.757223,
	4.84502 0.766254,
	4.85104 0.766254,
	4.80288 0.793348,
	4.77879 0.814421,
	4.74568 0.862589,
	4.73665 0.886672,
	4.73063 0.934839,
	4.72762 0.958923,
	4.73364 0.983007,
	4.73364 0.995048,
	4.73665 1.01612,
	4.73665 1.02515,
	4.73063 1.04322,
	4.70654 1.0673,
	4.6945 1.09138,
	4.6945 1.13955,
	4.70052 1.16363,
	4.72461 1.18772,
	4.74869 1.20277,
	4.77277 1.22685,
	4.82094 1.25395,
	4.84502 1.26599,
	4.94136 1.36232,
	4.96544 1.3834,
	4.97447 1.39544,
	4.9835 1.44361,
	5.00759 1.46167,
	5.02264 1.50984,
	5.02264 1.52188,
	5.00157 1.57005,
	5.0106 1.57908,
	5.20327 1.47973,
	5.22735 1.46167,
	5.25143 1.44963,
	5.27552 1.45866,
	5.2996 1.47371,
	5.32068 1.49779,
	5.36884 1.51887,
	5.37787 1.52188,
	5.32971 1.54897,
	5.28154 1.558,
	5.23337 1.56101,
	5.20929 1.56703,
	5.1852 1.57908,
	5.13704 1.58811,
	5.0407 1.66337,
	4.95039 1.7597,
	4.92631 1.77777,
	4.87814 1.79282,
	4.82997 1.80185,
	4.79084 1.85002,
	4.6945 1.94033,
	4.67042 1.96441,
	4.63429 2.01258,
	4.61322 2.03667,
	4.60118 2.04871,
	4.40851 2.16611,
	4.36034 2.19321,
	4.33626 2.21428,
	4.28809 2.23536,
	4.23992 2.2474,
	4.04725 2.26546,
	3.85458 2.3046,
	3.66192 2.35276,
	3.46925 2.40695,
	3.37291 2.43103,
	3.27658 2.4491,
	3.22841 2.45813,
	3.18024 2.45512,
	3.13208 2.43103,
	3.10799 2.422,
	3.01166 2.41899,
	2.81899 2.38889,
	2.77082 2.38287,
	2.67449 2.38287,
	2.62632 2.38588,
	2.57815 2.39491,
	2.55407 2.40093,
	2.52998 2.40093,
	2.50289 2.35276,
	2.49687 2.34072,
	2.48483 2.33169,
	2.38849 2.32868,
	2.34033 2.3347,
	2.29216 2.33169,
	2.26808 2.32868,
	2.25001 2.3046,
	2.23797 2.29255,
	2.21389 2.24439,
	2.20486 2.2203,
	2.1898 2.12397,
	2.18679 2.09988,
	2.17776 2.0758,
	2.16271 2.05172,
	2.15368 2.03968,
	2.14164 1.99151,
	2.13863 1.97947,
	2.15067 1.9313,
	2.17174 1.88313,
	2.16271 1.85905,
	2.11454 1.82894,
	2.09046 1.81389,
	2.0453 1.76874,
	2.00014 1.73863,
	1.98509 1.71756,
	1.98208 1.70552,
	1.97907 1.69949,
	1.98208 1.69046,
	"/>
<Contour name="d13p96" hidden="false" closed="true" simplified="false" border="0 0 1" fill="0 0 1" mode="-13"
 points="4.6072 1.04021,
	4.58612 1.01913,
	4.6072 0.998059,
	4.62827 1.01913,
	"/>
<Contour name="d13c94a" hidden="false" closed="true" simplified="true" border="1 0 0" fill="1 0 0" mode="11"
 points="1.28434 2.45737,
	1.29719 2.41171,
	1.30004 2.40029,
	1.30289 2.39458,
	1.32573 2.39601,
	1.33143 2.39744,
	1.34 2.42027,
	1.34142 2.43169,
	1.34142 2.4374,
	1.37425 2.48306,
	1.41278 2.52873,
	1.4299 2.55156,
	1.44417 2.57439,
	1.44703 2.5801,
	1.43561 2.58724,
	1.42419 2.58866,
	1.41848 2.58866,
	1.37282 2.5644,
	1.29576 2.47307,
	1.2872 2.46166,
	1.28434 2.4588,
	"/>
<Contour name="d13cfa94a" hidden="false" closed="false" simplified="false" border="1 0 0" fill="1 0 0" mode="-13"
 points="1.44742 2.58202,
	1.4303 2.57916,
	1.38035 2.53207,
	1.30757 2.40078,
	"/>
<Contour name="d13c94b" hidden="false" closed="true" simplified="true" border="1 0 0" fill="1 0 0" mode="11"
 points="1.38485 0.896802,
	1.41304 0.884469,
	1.42713 0.879183,
	1.43418 0.877421,
	1.4377 0.875659,
	1.46589 0.886231,
	1.47294 0.887993,
	1.4747 0.891516,
	1.47118 0.905612,
	1.46765 0.912659,
	1.43946 0.937326,
	1.43242 0.942611,
	1.40423 0.944373,
	1.39013 0.944373,
	1.38661 0.930278,
	1.38485 0.902088,
	1.38485 0.898564,
	"/>
<Contour name="d13c95" hidden="false" closed="true" simplified="true" border="1 1 0" fill="1 1 0" mode="11"
 points="5.94801 1.45519,
	6.00021 1.43725,
	6.05242 1.43398,
	6.06547 1.43398,
	6.07852 1.42909,
	6.08015 1.43235,
	6.13236 1.42909,
	6.13888 1.43072,
	6.19109 1.46824,
	6.19272 1.46987,
	6.16662 1.49434,
	6.15356 1.50576,
	6.1503 1.50903,
	6.0981 1.51229,
	6.072 1.51392,
	6.01979 1.50576,
	6.00674 1.50576,
	5.95454 1.49108,
	5.94801 1.48782,
	5.94801 1.46172,
	5.94801 1.45682,
	"/>
<Contour name="d13cfa95" hidden="false" closed="false" simplified="false" border="1 1 0" fill="1 1 0" mode="-13"
 points="6.18371 1.46828,
	6.12172 1.47154,
	6.04015 1.48459,
	5.94227 1.46175,
	"/>
<Contour name="d13c96a" hidden="false" closed="true" simplified="true" border="0 0 1" fill="0 0 1" mode="11"
 points="4.61291 0.752485,
	4.62952 0.725907,
	4.63451 0.719262,
	4.66109 0.712618,
	4.66773 0.710957,
	4.67437 0.704312,
	4.78069 0.699329,
	4.79397 0.699329,
	4.80062 0.699329,
	4.80394 0.699329,
	4.81391 0.725907,
	4.81723 0.739196,
	4.79065 0.755807,
	4.77736 0.759129,
	4.67105 0.765773,
	4.6179 0.754146,
	4.61457 0.754146,
	"/>
<Contour name="d13cfa96a" hidden="false" closed="false" simplified="false" border="0 0 1" fill="0 0 1" mode="-13"
 points="4.80239 0.737499,
	4.78578 0.734176,
	4.71767 0.734176,
	4.62299 0.747465,
	"/>
<Contour name="d13p95" hidden="false" closed="true" simplified="false" border="1 1 0" fill="1 1 0" mode="-13"
 points="5.05229 1.6261,
	5.05229 1.60009,
	5.02628 1.60009,
	5.02628 1.62285,
	5.02303 1.6261,
	5.02303 1.59684,
	5.05555 1.59684,
	5.05555 1.62936,
	5.02303 1.62936,
	5.02628 1.6261,
	"/>
<Contour name="d11p34" hidden="false" closed="true" simplified="false" border="1 0 0" fill="1 0 0" mode="-13"
 points="6.18579 3.77665,
	6.19416 3.76493,
	6.18579 3.75322,
	6.19081 3.75322,
	6.1975 3.76326,
	6.2042 3.75322,
	6.20922 3.75322,
	6.20085 3.76493,
	6.20922 3.77665,
	6.2042 3.77665,
	6.1975 3.76661,
	6.19081 3.77665,
	"/>
<Contour name="d11" hidden="false" closed="true" simplified="true" border="0.501961 0 0" fill="1 0.5 0" mode="-11"
 points="3.99421 5.30766,
	4.00586 5.28436,
	4.01314 5.27271,
	4.03644 5.25378,
	4.04809 5.24359,
	4.05683 5.22029,
	4.10197 5.17806,
	4.11362 5.15476,
	4.11944 5.14311,
	4.16604 5.12564,
	4.17769 5.12127,
	4.18934 5.11981,
	4.23593 5.12418,
	4.24758 5.12564,
	4.25923 5.13001,
	4.30583 5.16059,
	4.35242 5.20281,
	4.36407 5.21301,
	4.3699 5.21883,
	4.37281 5.22174,
	4.36844 5.26834,
	4.36407 5.29164,
	4.35242 5.31494,
	4.3466 5.32659,
	4.3233 5.34843,
	4.3 5.35571,
	4.28835 5.36008,
	4.26506 5.36008,
	4.25341 5.36008,
	4.23011 5.36736,
	4.21846 5.37173,
	4.19516 5.3761,
	4.14856 5.38046,
	4.10197 5.38192,
	4.07867 5.38192,
	4.06702 5.38192,
	4.06411 5.38192,
	4.01751 5.34697,
	4.00586 5.33824,
	4.00149 5.33387,
	3.99421 5.31057,
	3.99421 5.30911,
	"/>
<Contour name="d11" hidden="false" closed="true" simplified="true" border="0.501961 0 0" fill="1 0.5 0" mode="-11"
 points="3.41327 4.2393,
	3.43799 4.20634,
	3.45035 4.19192,
	3.51627 4.15896,
	3.54923 4.14042,
	3.59248 4.0745,
	3.61514 4.04155,
	3.62544 4.02507,
	3.63368 3.95915,
	3.6378 3.92619,
	3.63574 3.86027,
	3.62132 3.84379,
	3.6069 3.83143,
	3.60072 3.81495,
	3.5966 3.80672,
	3.60484 3.79024,
	3.60896 3.782,
	3.62544 3.76758,
	3.63368 3.75934,
	3.6996 3.7202,
	3.73256 3.70166,
	3.76552 3.68724,
	3.83143 3.66664,
	3.86439 3.6584,
	3.88087 3.65634,
	3.88911 3.65634,
	4.02095 3.59042,
	4.0539 3.57395,
	4.07038 3.56571,
	4.0848 3.55129,
	4.09304 3.54305,
	4.10952 3.51009,
	4.11982 3.49361,
	4.15278 3.47713,
	4.18574 3.47095,
	4.20222 3.47095,
	4.26814 3.44005,
	4.28461 3.43181,
	4.29285 3.42769,
	4.35877 3.42563,
	4.39173 3.42357,
	4.6554 3.44623,
	4.68836 3.44829,
	4.70484 3.45035,
	5.23217 3.37207,
	5.29809 3.36589,
	5.33105 3.36383,
	5.33929 3.36383,
	5.40521 3.38649,
	5.47112 3.41533,
	5.53704 3.42975,
	5.57 3.43593,
	5.58648 3.44005,
	5.59472 3.44211,
	5.66063 3.43387,
	5.67711 3.43181,
	5.67505 3.42769,
	5.65858 3.42151,
	5.68741 3.35559,
	5.69359 3.33912,
	5.69565 3.335,
	5.67711 3.30204,
	5.67299 3.26908,
	5.67505 3.26084,
	5.74097 3.21758,
	5.74921 3.21346,
	5.75127 3.2114,
	5.78423 3.22788,
	5.80071 3.23818,
	5.82749 3.27114,
	5.82543 3.3041,
	5.82543 3.32058,
	5.82543 3.3247,
	5.79865 3.35765,
	5.76569 3.36589,
	5.73891 3.39885,
	5.72449 3.41533,
	5.70801 3.42769,
	5.71625 3.42975,
	5.73273 3.42769,
	5.76569 3.44417,
	5.78217 3.45241,
	5.79041 3.45653,
	5.79247 3.47301,
	5.79041 3.48125,
	5.80071 3.51421,
	5.81925 3.54717,
	5.88517 3.5966,
	5.91812 3.62132,
	5.98404 3.65428,
	6.04996 3.68106,
	6.18179 3.71196,
	6.21475 3.7202,
	6.23123 3.71814,
	6.29715 3.68724,
	6.33011 3.67076,
	6.33629 3.6687,
	6.35277 3.68312,
	6.35894 3.68724,
	6.34247 3.70166,
	6.32599 3.71196,
	6.31775 3.71608,
	6.28479 3.7202,
	6.27655 3.72226,
	6.26007 3.73256,
	6.23329 3.76346,
	6.21269 3.79642,
	6.19621 3.82937,
	6.19003 3.84585,
	6.18797 3.85409,
	6.19621 3.87057,
	6.20033 3.87881,
	6.23123 3.91177,
	6.23741 3.92001,
	6.23123 3.95297,
	6.22711 3.96945,
	6.18797 4.03537,
	6.18385 4.0436,
	6.16737 4.05802,
	6.15913 4.06626,
	6.12206 4.13218,
	6.0788 4.1981,
	6.0582 4.23106,
	6.05408 4.2393,
	6.0376 4.25166,
	6.0273 4.26608,
	6.01288 4.29903,
	6.00464 4.31551,
	5.94902 4.38143,
	5.92224 4.41439,
	5.90576 4.43087,
	5.89752 4.43911,
	5.83161 4.47413,
	5.79865 4.48855,
	5.73273 4.50914,
	5.66681 4.52356,
	5.6009 4.53386,
	5.46906 4.5936,
	5.40315 4.6039,
	5.37019 4.60596,
	5.33723 4.59978,
	5.27131 4.6142,
	5.23835 4.62656,
	5.17244 4.63686,
	4.90877 4.6245,
	4.77693 4.62038,
	4.71102 4.62038,
	4.67806 4.62038,
	4.66158 4.62038,
	4.39791 4.66776,
	4.36495 4.66982,
	4.29903 4.6657,
	4.28255 4.66158,
	4.27432 4.65746,
	4.26402 4.6245,
	4.2496 4.60802,
	4.23312 4.59566,
	4.20016 4.57918,
	4.18368 4.573,
	4.15072 4.56888,
	4.11776 4.56064,
	4.10128 4.55858,
	4.06832 4.56064,
	4.05184 4.5627,
	4.0436 4.56476,
	4.01065 4.55858,
	3.99417 4.55652,
	3.96121 4.54622,
	3.94473 4.53798,
	3.87881 4.48649,
	3.86233 4.47001,
	3.84585 4.45765,
	3.71402 4.43087,
	3.70578 4.42881,
	3.63986 4.38349,
	3.62338 4.37113,
	3.61514 4.36701,
	3.58218 4.33817,
	3.56571 4.32375,
	3.54923 4.31345,
	3.54099 4.30933,
	3.47507 4.30315,
	3.44211 4.29903,
	3.43387 4.29903,
	3.42769 4.29491,
	3.41739 4.26196,
	3.41327 4.24548,
	3.41327 4.24136,
	"/>
<Contour name="d11p48" hidden="false" closed="true" simplified="false" border="1 0 0" fill="1 0 0" mode="-13"
 points="5.72843 3.46922,
	5.70248 3.46922,
	5.70248 3.48219,
	5.71545 3.49517,
	5.75438 3.50815,
	5.72843 3.52112,
	5.71545 3.54708,
	5.6895 3.52112,
	5.67652 3.49517,
	5.67652 3.46922,
	5.65057 3.46922,
	5.6895 3.44326,
	"/>
<Contour name="d11c38" hidden="false" closed="true" simplified="true" border="1 0 0" fill="1 0 0" mode="11"
 points="4.17215 5.13045,
	4.18958 5.10511,
	4.19275 5.10352,
	4.29412 5.13045,
	4.30679 5.1352,
	4.33214 5.14946,
	4.34481 5.1558,
	4.39391 5.19223,
	4.38441 5.24291,
	4.38124 5.24925,
	4.37965 5.25242,
	4.35431 5.25717,
	4.32897 5.254,
	4.32263 5.25242,
	4.29729 5.23183,
	4.28937 5.21915,
	4.28462 5.21282,
	4.23393 5.17955,
	4.18324 5.13996,
	4.17691 5.1352,
	4.17374 5.13204,
	"/>
<Contour name="d11cfa38" hidden="false" closed="false" simplified="false" border="1 0 0" fill="1 0 0" mode="-13"
 points="4.3649 5.25063,
	4.34114 5.19677,
	4.27778 5.14925,
	4.18433 5.11599,
	"/>
<Contour name="d13" hidden="false" closed="true" simplified="true" border="1 0 0.5" fill="1 0 0.5" mode="11"
 points="5.5721 1.64755,
	5.5831 1.628,
	5.65399 1.54978,
	5.6711 1.53022,
	5.69921 1.452,
	5.70532 1.43244,
	5.70777 1.42878,
	5.74688 1.41533,
	5.75666 1.41166,
	5.79577 1.40678,
	5.81532 1.40555,
	5.8251 1.40311,
	5.90332 1.42266,
	5.90821 1.42389,
	5.91066 1.42389,
	5.93021 1.44222,
	5.93999 1.452,
	5.94366 1.45689,
	5.98277 1.47522,
	6.06099 1.47155,
	6.13921 1.47033,
	6.21743 1.47155,
	6.25655 1.47033,
	6.33477 1.47766,
	6.34455 1.48011,
	6.34577 1.485,
	6.38488 1.49844,
	6.38977 1.49966,
	6.39221 1.50089,
	6.3861 1.51066,
	6.38121 1.51433,
	6.3421 1.52533,
	6.26388 1.53633,
	6.22477 1.54366,
	6.14655 1.56689,
	6.13677 1.56933,
	6.11721 1.57911,
	6.09766 1.58644,
	6.08788 1.59255,
	6.06832 1.61089,
	6.05855 1.61822,
	6.01943 1.63778,
	5.99988 1.64878,
	5.98032 1.65733,
	5.9021 1.65733,
	5.82388 1.65366,
	5.78477 1.65,
	5.62832 1.64755,
	5.60877 1.64511,
	5.58921 1.64755,
	5.57944 1.64878,
	5.57455 1.65,
	5.5721 1.64878,
	"/>
<Contour name="d13dia95" hidden="false" closed="false" simplified="true" border="1 1 0" fill="1 1 0" mode="-13"
 points="5.69216 1.46742,
	6.38272 1.50531,
	"/>
<Contour name="d13dia96a" hidden="false" closed="false" simplified="true" border="0 0 1" fill="0 0 1" mode="-13"
 points="4.48494 0.836258,
	4.77346 0.826501,
	"/>
<Contour name="d13cfa94b" hidden="false" closed="false" simplified="false" border="1 0 0" fill="1 0 0" mode="11"
 points="1.41694 0.939257,
	1.41722 0.939257,
	1.42846 0.939257,
	1.43605 0.937009,
	1.44869 0.928859,
	1.45937 0.919304,
	1.46696 0.910031,
	1.47005 0.899352,
	1.47174 0.890359,
	1.46021 0.886987,
	1.4411 0.878556,
	1.41272 0.887549,
	1.38659 0.900476,
	1.3894 0.936447,
	1.39811 0.942067,
	1.41581 0.93729,
	"/>
<Contour name="d01ax40Bssvr" hidden="false" closed="true" simplified="false" border="0 1 0.251" fill="0 0 1" mode="11"
 points="6.58689 4.11474,
	6.57281 4.10066,
	6.58689 4.08658,
	6.60098 4.10066,
	"/>
<Contour name="d01ax40Bssvr" hidden="false" closed="true" simplified="false" border="0 1 0.251" fill="0 0 1" mode="11"
 points="6.56275 4.1751,
	6.54867 4.16101,
	6.56275 4.14693,
	6.57683 4.16101,
	"/>
<Contour name="d01ax40Bssvr" hidden="false" closed="true" simplified="false" border="0 1 0.251" fill="0 0 1" mode="11"
 points="6.7579 3.83107,
	6.74382 3.81699,
	6.7579 3.80291,
	6.77198 3.81699,
	"/>
<Contour name="d01ax41ssvr" hidden="false" closed="true" simplified="false" border="0 1 0.251" fill="0 0 1" mode="11"
 points="5.8292 2.34696,
	5.81803 2.3358,
	5.8292 2.32463,
	5.84036 2.3358,
	"/>
<Contour name="d01ax41ssvr" hidden="false" closed="true" simplified="false" border="0 1 0.251" fill="0 0 1" mode="11"
 points="5.88503 2.36451,
	5.87386 2.35334,
	5.88503 2.34218,
	5.89619 2.35334,
	"/>
<Contour name="d01ax41ssvr" hidden="false" closed="true" simplified="false" border="0 1 0.251" fill="0 0 1" mode="11"
 points="5.91853 2.34218,
	5.90736 2.33101,
	5.91853 2.31985,
	5.92969 2.33101,
	"/>
<Contour name="d01ax41ssvr" hidden="false" closed="true" simplified="false" border="0 1 0.251" fill="0 0 1" mode="11"
 points="5.76699 2.37887,
	5.75582 2.3677,
	5.76699 2.35654,
	5.77815 2.3677,
	"/>
<Contour name="d01ax41ssvr" hidden="false" closed="true" simplified="false" border="0 1 0.251" fill="0 0 1" mode="11"
 points="5.75104 2.44108,
	5.73987 2.42991,
	5.75104 2.41875,
	5.7622 2.42991,
	"/>
<Contour name="d01ax41ssvr" hidden="false" closed="true" simplified="false" border="0 1 0.251" fill="0 0 1" mode="11"
 points="5.69521 2.34218,
	5.68404 2.33101,
	5.69521 2.31985,
	5.70637 2.33101,
	"/>
<Contour name="d01ax41ssvr" hidden="false" closed="true" simplified="false" border="0 1 0.251" fill="0 0 1" mode="11"
 points="5.61864 2.34377,
	5.60747 2.33261,
	5.61864 2.32144,
	5.6298 2.33261,
	"/>
<Contour name="d01ax41ssvr" hidden="false" closed="true" simplified="false" border="0 1 0.251" fill="0 0 1" mode="11"
 points="5.56121 2.35813,
	5.55005 2.34696,
	5.56121 2.3358,
	5.57238 2.34696,
	"/>
<Contour name="d01ax41ssvr" hidden="false" closed="true" simplified="false" border="0 1 0.251" fill="0 0 1" mode="11"
 points="5.43679 2.35015,
	5.42563 2.33899,
	5.43679 2.32782,
	5.44796 2.33899,
	"/>
<Contour name="d01ax41ssvr" hidden="false" closed="true" simplified="false" border="0 1 0.251" fill="0 0 1" mode="11"
 points="5.39213 2.38525,
	5.38096 2.37408,
	5.39213 2.36292,
	5.40329 2.37408,
	"/>
<Contour name="d01ax41ssvr" hidden="false" closed="true" simplified="false" border="0 1 0.251" fill="0 0 1" mode="11"
 points="5.4001 2.44746,
	5.38894 2.43629,
	5.4001 2.42513,
	5.41127 2.43629,
	"/>
<Contour name="d01ax41ssvr" hidden="false" closed="true" simplified="false" border="0 1 0.251" fill="0 0 1" mode="11"
 points="5.24697 2.38525,
	5.2358 2.37408,
	5.24697 2.36292,
	5.25814 2.37408,
	"/>
<Contour name="d01ax41ssvr" hidden="false" closed="true" simplified="false" border="0 1 0.251" fill="0 0 1" mode="11"
 points="5.68563 2.25764,
	5.67447 2.24647,
	5.68563 2.2353,
	5.6968 2.24647,
	"/>
<Contour name="d01" hidden="false" closed="true" simplified="true" border="1 0.5 0" fill="1 0.5 0" mode="9"
 points="4.62237 3.29998,
	4.63733 3.27605,
	4.65827 3.2551,
	4.6822 3.24014,
	4.73007 3.22519,
	4.75401 3.2192,
	4.77794 3.2192,
	4.87368 3.20424,
	5.06516 3.20424,
	5.16089 3.20723,
	5.17286 3.2192,
	5.1968 3.23117,
	5.24467 3.23715,
	5.43614 3.23715,
	5.46008 3.23416,
	5.48401 3.24014,
	5.50196 3.26408,
	5.50196 3.27605,
	5.48102 3.29998,
	5.46905 3.30896,
	5.46307 3.31494,
	5.45708 3.31494,
	5.40922 3.34785,
	5.31348 3.34785,
	5.28954 3.35084,
	5.26561 3.35982,
	5.25364 3.3658,
	5.24766 3.3658,
	5.24167 3.37178,
	5.1938 3.38076,
	5.14594 3.38375,
	5.122 3.38674,
	5.09807 3.39871,
	5.0502 3.40769,
	5.03823 3.41367,
	4.84675 3.41666,
	4.75101 3.41965,
	4.70315 3.39871,
	4.69118 3.39273,
	4.67921 3.38076,
	4.65827 3.36879,
	4.65228 3.36281,
	4.6463 3.36281,
	4.62536 3.34187,
	4.62237 3.31793,
	4.62237 3.30596,
	4.62237 3.30297,
	"/>
<Contour name="d01" hidden="false" closed="true" simplified="true" border="1 0.5 0" fill="1 0.5 0" mode="9"
 points="5.68147 2.57297,
	5.69643 2.55202,
	5.7443 2.51911,
	5.76823 2.51014,
	5.8161 2.50116,
	5.86397 2.47424,
	5.90586 2.44731,
	5.91783 2.44432,
	5.94176 2.4503,
	5.95373 2.45329,
	5.95074 2.46526,
	5.95971 2.47723,
	5.95971 2.4892,
	5.95971 2.49518,
	5.91783 2.54006,
	5.89389 2.55502,
	5.88791 2.561,
	5.88192 2.561,
	5.87594 2.56698,
	5.85201 2.57297,
	5.84004 2.58194,
	5.83405 2.58194,
	5.82807 2.58793,
	5.7802 2.60289,
	5.76823 2.60887,
	5.76225 2.60887,
	5.75627 2.61485,
	5.73233 2.61785,
	5.7084 2.61485,
	5.68746 2.59989,
	5.68147 2.58793,
	5.68147 2.57596,
	"/>
<Contour name="d01" hidden="false" closed="true" simplified="true" border="1 0.5 0" fill="1 0.5 0" mode="9"
 points="6.12725 2.93199,
	6.15119 2.88412,
	6.17213 2.86018,
	6.19607 2.84522,
	6.24393 2.82727,
	6.2918 2.82129,
	6.38754 2.82129,
	6.43541 2.82129,
	6.48328 2.80334,
	6.57902 2.74949,
	6.6239 2.71059,
	6.64783 2.68965,
	6.6598 2.67768,
	6.66877 2.6717,
	6.70767 2.62682,
	6.72562 2.60887,
	6.7705 2.57895,
	6.78246 2.57297,
	6.78845 2.57297,
	6.79443 2.56698,
	6.8064 2.56698,
	6.85427 2.55202,
	6.8782 2.54604,
	6.97394 2.561,
	7.02181 2.561,
	7.04574 2.561,
	7.05771 2.561,
	7.08164 2.56998,
	7.09361 2.57297,
	7.1355 2.60588,
	7.15943 2.62084,
	7.2073 2.62981,
	7.23124 2.6358,
	7.25517 2.65076,
	7.26714 2.65674,
	7.2821 2.68067,
	7.28808 2.70461,
	7.28509 2.75248,
	7.25517 2.79735,
	7.24021 2.82129,
	7.19833 2.86317,
	7.17738 2.88711,
	7.16841 2.91104,
	7.1714 2.93498,
	7.19533 2.95891,
	7.19833 2.98285,
	7.19533 2.99481,
	7.18337 3.0008,
	7.15943 3.02174,
	7.11156 3.04867,
	7.0996 3.06063,
	7.05173 3.08756,
	7.00386 3.1085,
	6.97992 3.12346,
	6.97394 3.12346,
	6.96496 3.13244,
	6.953 3.13543,
	6.92906 3.15338,
	6.92009 3.16236,
	6.9141 3.16236,
	6.86923 3.19826,
	6.85726 3.20424,
	6.85127 3.21023,
	6.84529 3.21023,
	6.83332 3.2192,
	6.82734 3.2192,
	6.81537 3.22818,
	6.71963 3.22818,
	6.67177 3.22818,
	6.57603 3.21322,
	6.52816 3.21023,
	6.43242 3.18928,
	6.38455 3.17432,
	6.36062 3.16834,
	6.35463 3.16236,
	6.34865 3.16236,
	6.34266 3.15637,
	6.33668 3.15637,
	6.3307 3.15039,
	6.28283 3.13244,
	6.23496 3.1085,
	6.19008 3.06662,
	6.16914 3.05166,
	6.13025 3.00977,
	6.12725 2.9619,
	6.12725 2.93797,
	6.12725 2.93498,
	"/>
<Contour name="d01c45" hidden="false" closed="true" simplified="true" border="1 0 0" fill="0 1 0" mode="9"
 points="6.22811 3.11704,
	6.23209 3.11306,
	6.23209 3.10909,
	6.29566 3.1071,
	6.31155 3.11505,
	6.32744 3.11902,
	6.34334 3.11902,
	6.35923 3.12697,
	6.38506 3.15478,
	6.393 3.15876,
	6.42479 3.15677,
	6.44068 3.15677,
	6.44267 3.15876,
	6.43671 3.1667,
	6.4685 3.17068,
	6.53207 3.17266,
	6.59564 3.1826,
	6.61153 3.18856,
	6.73868 3.19054,
	6.75457 3.19253,
	6.76252 3.19452,
	6.76649 3.19849,
	6.77444 3.20047,
	6.78238 3.20643,
	6.78437 3.22233,
	6.77046 3.23226,
	6.73868 3.23822,
	6.70689 3.24021,
	6.57975 3.22829,
	6.4526 3.22233,
	6.43671 3.21637,
	6.42082 3.20643,
	6.41287 3.20047,
	6.40691 3.20445,
	6.39896 3.19849,
	6.36718 3.1965,
	6.3036 3.17862,
	6.29963 3.17862,
	6.29168 3.17266,
	6.28771 3.17266,
	6.27977 3.1667,
	6.26387 3.16273,
	6.23407 3.14485,
	6.22811 3.1369,
	6.22811 3.12101,
	6.22811 3.11902,
	"/>
<Contour name="d01cfa45" hidden="false" closed="false" simplified="false" border="0 1 1" fill="0 1 1" mode="9"
 points="6.77656 3.22481,
	6.65935 3.22283,
	6.53022 3.20296,
	6.42095 3.18508,
	6.32956 3.15329,
	6.23222 3.10561,
	"/>
<Contour name="d01ax40ab2ssvr" hidden="false" closed="true" simplified="false" border="0.5 0 1" fill="0.5 0 1" mode="-13"
 points="5.37634 3.17601,
	5.37039 3.17403,
	5.37634 3.17204,
	5.37237 3.1661,
	5.37832 3.17006,
	5.3803 3.16411,
	5.38229 3.17006,
	5.38823 3.1661,
	5.38427 3.17204,
	5.39022 3.17403,
	5.38427 3.17601,
	5.38823 3.18196,
	5.38229 3.17799,
	5.3803 3.18394,
	5.37832 3.17799,
	5.37237 3.18196,
	"/>
<Contour name="d01ax40ab2ssvr" hidden="false" closed="true" simplified="false" border="0.5 0 1" fill="0.5 0 1" mode="-13"
 points="5.40608 3.10661,
	5.40013 3.10463,
	5.40608 3.10265,
	5.40211 3.0967,
	5.40806 3.10066,
	5.41005 3.09471,
	5.41203 3.10066,
	5.41798 3.0967,
	5.41401 3.10265,
	5.41996 3.10463,
	5.41401 3.10661,
	5.41798 3.11256,
	5.41203 3.10859,
	5.41005 3.11454,
	5.40806 3.10859,
	5.40211 3.11256,
	"/>
<Contour name="d01ax40ab2ssvr" hidden="false" closed="true" simplified="false" border="0.5 0 1" fill="0.5 0 1" mode="-13"
 points="5.41599 3.06299,
	5.41005 3.06101,
	5.41599 3.05902,
	5.41203 3.05308,
	5.41798 3.05704,
	5.41996 3.05109,
	5.42194 3.05704,
	5.42789 3.05308,
	5.42393 3.05902,
	5.42987 3.06101,
	5.42393 3.06299,
	5.42789 3.06894,
	5.42194 3.06497,
	5.41996 3.07092,
	5.41798 3.06497,
	5.41203 3.06894,
	"/>
<Contour name="d01ax40ab2ssvr" hidden="false" closed="true" simplified="false" border="0.5 0 1" fill="0.5 0 1" mode="-13"
 points="5.51712 2.94402,
	5.51117 2.94204,
	5.51712 2.94005,
	5.51315 2.93411,
	5.5191 2.93807,
	5.52108 2.93212,
	5.52307 2.93807,
	5.52902 2.93411,
	5.52505 2.94005,
	5.531 2.94204,
	5.52505 2.94402,
	5.52902 2.94997,
	5.52307 2.946,
	5.52108 2.95195,
	5.5191 2.946,
	5.51315 2.94997,
	"/>
<Contour name="d01ax40ab2ssvr" hidden="false" closed="true" simplified="false" border="0.5 0 1" fill="0.5 0 1" mode="-13"
 points="5.49531 2.97575,
	5.48936 2.97376,
	5.49531 2.97178,
	5.49134 2.96583,
	5.49729 2.9698,
	5.49927 2.96385,
	5.50126 2.9698,
	5.5072 2.96583,
	5.50324 2.97178,
	5.50919 2.97376,
	5.50324 2.97575,
	5.5072 2.98169,
	5.50126 2.97773,
	5.49927 2.98368,
	5.49729 2.97773,
	5.49134 2.98169,
	"/>
<Contour name="d01ax40ab2ssvr" hidden="false" closed="true" simplified="false" border="0.5 0 1" fill="0.5 0 1" mode="-13"
 points="5.46358 3.02532,
	5.45763 3.02333,
	5.46358 3.02135,
	5.45962 3.0154,
	5.46556 3.01937,
	5.46755 3.01342,
	5.46953 3.01937,
	5.47548 3.0154,
	5.47151 3.02135,
	5.47746 3.02333,
	5.47151 3.02532,
	5.47548 3.03126,
	5.46953 3.0273,
	5.46755 3.03325,
	5.46556 3.0273,
	5.45962 3.03126,
	"/>
<Contour name="d01ax40ab2ssvr" hidden="false" closed="true" simplified="false" border="0.5 0 1" fill="0.5 0 1" mode="-13"
 points="5.48341 3.17006,
	5.47746 3.16808,
	5.48341 3.1661,
	5.47944 3.16015,
	5.48539 3.16411,
	5.48738 3.15817,
	5.48936 3.16411,
	5.49531 3.16015,
	5.49134 3.1661,
	5.49729 3.16808,
	5.49134 3.17006,
	5.49531 3.17601,
	5.48936 3.17204,
	5.48738 3.17799,
	5.48539 3.17204,
	5.47944 3.17601,
	"/>
<Contour name="d01ax40ab2ssvr" hidden="false" closed="true" simplified="false" border="0.5 0 1" fill="0.5 0 1" mode="-13"
 points="5.57462 3.19584,
	5.56867 3.19386,
	5.57462 3.19187,
	5.57065 3.18592,
	5.5766 3.18989,
	5.57859 3.18394,
	5.58057 3.18989,
	5.58652 3.18592,
	5.58255 3.19187,
	5.5885 3.19386,
	5.58255 3.19584,
	5.58652 3.20179,
	5.58057 3.19782,
	5.57859 3.20377,
	5.5766 3.19782,
	5.57065 3.20179,
	"/>
<Contour name="d01ax40ab2ssvr" hidden="false" closed="true" simplified="false" border="0.5 0 1" fill="0.5 0 1" mode="-13"
 points="5.61229 3.17601,
	5.60635 3.17403,
	5.61229 3.17204,
	5.60833 3.1661,
	5.61428 3.17006,
	5.61626 3.16411,
	5.61824 3.17006,
	5.62419 3.1661,
	5.62023 3.17204,
	5.62617 3.17403,
	5.62023 3.17601,
	5.62419 3.18196,
	5.61824 3.17799,
	5.61626 3.18394,
	5.61428 3.17799,
	5.60833 3.18196,
	"/>
<Contour name="d01ax40ab2ssvr" hidden="false" closed="true" simplified="false" border="0.5 0 1" fill="0.5 0 1" mode="-13"
 points="5.70549 3.15222,
	5.69954 3.15023,
	5.70549 3.14825,
	5.70152 3.1423,
	5.70747 3.14627,
	5.70945 3.14032,
	5.71144 3.14627,
	5.71738 3.1423,
	5.71342 3.14825,
	5.71937 3.15023,
	5.71342 3.15222,
	5.71738 3.15817,
	5.71144 3.1542,
	5.70945 3.16015,
	5.70747 3.1542,
	5.70152 3.15817,
	"/>
<Contour name="d01ax40ab2ssvr" hidden="false" closed="true" simplified="false" border="0.5 0 1" fill="0.5 0 1" mode="-13"
 points="5.74911 3.10859,
	5.74316 3.10661,
	5.74911 3.10463,
	5.74514 3.09868,
	5.75109 3.10265,
	5.75307 3.0967,
	5.75506 3.10265,
	5.76101 3.09868,
	5.75704 3.10463,
	5.76299 3.10661,
	5.75704 3.10859,
	5.76101 3.11454,
	5.75506 3.11058,
	5.75307 3.11653,
	5.75109 3.11058,
	5.74514 3.11454,
	"/>
<Contour name="d01ax40ab2ssvr" hidden="false" closed="true" simplified="false" border="0.5 0 1" fill="0.5 0 1" mode="-13"
 points="5.80265 3.06497,
	5.7967 3.06299,
	5.80265 3.06101,
	5.79868 3.05506,
	5.80463 3.05902,
	5.80661 3.05308,
	5.80859 3.05902,
	5.81454 3.05506,
	5.81058 3.06101,
	5.81652 3.06299,
	5.81058 3.06497,
	5.81454 3.07092,
	5.80859 3.06696,
	5.80661 3.0729,
	5.80463 3.06696,
	5.79868 3.07092,
	"/>
<Contour name="d01ax40ab2ssvr" hidden="false" closed="true" simplified="false" border="0.5 0 1" fill="0.5 0 1" mode="-13"
 points="5.81851 2.99359,
	5.81256 2.99161,
	5.81851 2.98962,
	5.81454 2.98368,
	5.82049 2.98764,
	5.82247 2.98169,
	5.82446 2.98764,
	5.8304 2.98368,
	5.82644 2.98962,
	5.83239 2.99161,
	5.82644 2.99359,
	5.8304 2.99954,
	5.82446 2.99557,
	5.82247 3.00152,
	5.82049 2.99557,
	5.81454 2.99954,
	"/>
<Contour name="d01ax40ab2ssvr" hidden="false" closed="true" simplified="false" border="0.5 0 1" fill="0.5 0 1" mode="-13"
 points="5.80265 2.95393,
	5.7967 2.95195,
	5.80265 2.94997,
	5.79868 2.94402,
	5.80463 2.94799,
	5.80661 2.94204,
	5.80859 2.94799,
	5.81454 2.94402,
	5.81058 2.94997,
	5.81652 2.95195,
	5.81058 2.95393,
	5.81454 2.95988,
	5.80859 2.95592,
	5.80661 2.96187,
	5.80463 2.95592,
	5.79868 2.95988,
	"/>
<Contour name="d01ax40ab2ssvr" hidden="false" closed="true" simplified="false" border="0.5 0 1" fill="0.5 0 1" mode="-13"
 points="5.75704 2.91824,
	5.75109 2.91626,
	5.75704 2.91428,
	5.75307 2.90833,
	5.75902 2.91229,
	5.76101 2.90635,
	5.76299 2.91229,
	5.76894 2.90833,
	5.76497 2.91428,
	5.77092 2.91626,
	5.76497 2.91824,
	5.76894 2.92419,
	5.76299 2.92023,
	5.76101 2.92617,
	5.75902 2.92023,
	5.75307 2.92419,
	"/>
<Contour name="d01ax40ab2ssvr" hidden="false" closed="true" simplified="false" border="0.5 0 1" fill="0.5 0 1" mode="-13"
 points="5.72135 2.88057,
	5.7154 2.87859,
	5.72135 2.8766,
	5.71738 2.87066,
	5.72333 2.87462,
	5.72531 2.86867,
	5.7273 2.87462,
	5.73325 2.87066,
	5.72928 2.8766,
	5.73523 2.87859,
	5.72928 2.88057,
	5.73325 2.88652,
	5.7273 2.88255,
	5.72531 2.8885,
	5.72333 2.88255,
	5.71738 2.88652,
	"/>
<Contour name="d01ax40ab2ssvr" hidden="false" closed="true" simplified="false" border="0.5 0 1" fill="0.5 0 1" mode="-13"
 points="5.73325 2.84686,
	5.7273 2.84488,
	5.73325 2.8429,
	5.72928 2.83695,
	5.73523 2.84091,
	5.73721 2.83496,
	5.73919 2.84091,
	5.74514 2.83695,
	5.74118 2.8429,
	5.74713 2.84488,
	5.74118 2.84686,
	5.74514 2.85281,
	5.73919 2.84884,
	5.73721 2.85479,
	5.73523 2.84884,
	5.72928 2.85281,
	"/>
<Contour name="d01ax40ab2ssvr" hidden="false" closed="true" simplified="false" border="0.5 0 1" fill="0.5 0 1" mode="-13"
 points="5.65195 2.87859,
	5.646 2.8766,
	5.65195 2.87462,
	5.64798 2.86867,
	5.65393 2.87264,
	5.65592 2.86669,
	5.6579 2.87264,
	5.66385 2.86867,
	5.65988 2.87462,
	5.66583 2.8766,
	5.65988 2.87859,
	5.66385 2.88454,
	5.6579 2.88057,
	5.65592 2.88652,
	5.65393 2.88057,
	5.64798 2.88454,
	"/>
<Contour name="d01ax40ab2ssvr" hidden="false" closed="true" simplified="false" border="0.5 0 1" fill="0.5 0 1" mode="-13"
 points="5.62816 2.92221,
	5.62221 2.92023,
	5.62816 2.91824,
	5.62419 2.91229,
	5.63014 2.91626,
	5.63212 2.91031,
	5.6341 2.91626,
	5.64005 2.91229,
	5.63609 2.91824,
	5.64204 2.92023,
	5.63609 2.92221,
	5.64005 2.92816,
	5.6341 2.92419,
	5.63212 2.93014,
	5.63014 2.92419,
	5.62419 2.92816,
	"/>
<Contour name="d01ax40ab2ssvr" hidden="false" closed="true" simplified="false" border="0.5 0 1" fill="0.5 0 1" mode="-13"
 points="5.71144 2.94997,
	5.70549 2.94799,
	5.71144 2.946,
	5.70747 2.94005,
	5.71342 2.94402,
	5.7154 2.93807,
	5.71738 2.94402,
	5.72333 2.94005,
	5.71937 2.946,
	5.72531 2.94799,
	5.71937 2.94997,
	5.72333 2.95592,
	5.71738 2.95195,
	5.7154 2.9579,
	5.71342 2.95195,
	5.70747 2.95592,
	"/>
<Contour name="d01ax40ab2ssvr" hidden="false" closed="true" simplified="false" border="0.5 0 1" fill="0.5 0 1" mode="-13"
 points="5.70945 2.99161,
	5.7035 2.98962,
	5.70945 2.98764,
	5.70549 2.98169,
	5.71144 2.98566,
	5.71342 2.97971,
	5.7154 2.98566,
	5.72135 2.98169,
	5.71738 2.98764,
	5.72333 2.98962,
	5.71738 2.99161,
	5.72135 2.99756,
	5.7154 2.99359,
	5.71342 2.99954,
	5.71144 2.99359,
	5.70549 2.99756,
	"/>
<Contour name="d01ax40ab2ssvr" hidden="false" closed="true" simplified="false" border="0.5 0 1" fill="0.5 0 1" mode="-13"
 points="5.69161 3.02532,
	5.68566 3.02333,
	5.69161 3.02135,
	5.68764 3.0154,
	5.69359 3.01937,
	5.69557 3.01342,
	5.69756 3.01937,
	5.7035 3.0154,
	5.69954 3.02135,
	5.70549 3.02333,
	5.69954 3.02532,
	5.7035 3.03126,
	5.69756 3.0273,
	5.69557 3.03325,
	5.69359 3.0273,
	5.68764 3.03126,
	"/>
<Contour name="d01ax40ab2ssvr" hidden="false" closed="true" simplified="false" border="0.5 0 1" fill="0.5 0 1" mode="-13"
 points="5.65195 3.06696,
	5.646 3.06497,
	5.65195 3.06299,
	5.64798 3.05704,
	5.65393 3.06101,
	5.65592 3.05506,
	5.6579 3.06101,
	5.66385 3.05704,
	5.65988 3.06299,
	5.66583 3.06497,
	5.65988 3.06696,
	5.66385 3.0729,
	5.6579 3.06894,
	5.65592 3.07489,
	5.65393 3.06894,
	5.64798 3.0729,
	"/>
<Contour name="d01ax40ab2ssvr" hidden="false" closed="true" simplified="false" border="0.5 0 1" fill="0.5 0 1" mode="-13"
 points="5.64997 3.10661,
	5.64402 3.10463,
	5.64997 3.10265,
	5.646 3.0967,
	5.65195 3.10066,
	5.65393 3.09471,
	5.65592 3.10066,
	5.66186 3.0967,
	5.6579 3.10265,
	5.66385 3.10463,
	5.6579 3.10661,
	5.66186 3.11256,
	5.65592 3.10859,
	5.65393 3.11454,
	5.65195 3.10859,
	5.646 3.11256,
	"/>
<Contour name="d01ax40ab2ssvr" hidden="false" closed="true" simplified="false" border="0.5 0 1" fill="0.5 0 1" mode="-13"
 points="5.59445 3.11058,
	5.5885 3.10859,
	5.59445 3.10661,
	5.59048 3.10066,
	5.59643 3.10463,
	5.59841 3.09868,
	5.6004 3.10463,
	5.60635 3.10066,
	5.60238 3.10661,
	5.60833 3.10859,
	5.60238 3.11058,
	5.60635 3.11653,
	5.6004 3.11256,
	5.59841 3.11851,
	5.59643 3.11256,
	5.59048 3.11653,
	"/>
<Contour name="d01ax40ab2ssvr" hidden="false" closed="true" simplified="false" border="0.5 0 1" fill="0.5 0 1" mode="-13"
 points="5.53496 3.08678,
	5.52902 3.0848,
	5.53496 3.08282,
	5.531 3.07687,
	5.53695 3.08083,
	5.53893 3.07489,
	5.54091 3.08083,
	5.54686 3.07687,
	5.54289 3.08282,
	5.54884 3.0848,
	5.54289 3.08678,
	5.54686 3.09273,
	5.54091 3.08877,
	5.53893 3.09471,
	5.53695 3.08877,
	5.531 3.09273,
	"/>
<Contour name="d01ax40ab2ssvr" hidden="false" closed="true" simplified="false" border="0.5 0 1" fill="0.5 0 1" mode="-13"
 points="5.531 3.05506,
	5.52505 3.05308,
	5.531 3.05109,
	5.52703 3.04514,
	5.53298 3.04911,
	5.53496 3.04316,
	5.53695 3.04911,
	5.54289 3.04514,
	5.53893 3.05109,
	5.54488 3.05308,
	5.53893 3.05506,
	5.54289 3.06101,
	5.53695 3.05704,
	5.53496 3.06299,
	5.53298 3.05704,
	5.52703 3.06101,
	"/>
<Contour name="d01ax40ab2ssvr" hidden="false" closed="true" simplified="false" border="0.5 0 1" fill="0.5 0 1" mode="-13"
 points="5.531 3.01342,
	5.52505 3.01144,
	5.531 3.00945,
	5.52703 3.0035,
	5.53298 3.00747,
	5.53496 3.00152,
	5.53695 3.00747,
	5.54289 3.0035,
	5.53893 3.00945,
	5.54488 3.01144,
	5.53893 3.01342,
	5.54289 3.01937,
	5.53695 3.0154,
	5.53496 3.02135,
	5.53298 3.0154,
	5.52703 3.01937,
	"/>
<Contour name="d01ax40ab2ssvr" hidden="false" closed="true" simplified="false" border="0.5 0 1" fill="0.5 0 1" mode="-13"
 points="5.56471 3.0154,
	5.55876 3.01342,
	5.56471 3.01144,
	5.56074 3.00549,
	5.56669 3.00945,
	5.56867 3.0035,
	5.57065 3.00945,
	5.5766 3.00549,
	5.57264 3.01144,
	5.57859 3.01342,
	5.57264 3.0154,
	5.5766 3.02135,
	5.57065 3.01738,
	5.56867 3.02333,
	5.56669 3.01738,
	5.56074 3.02135,
	"/>
<Contour name="d01ax40ab2ssvr" hidden="false" closed="true" simplified="false" border="0.5 0 1" fill="0.5 0 1" mode="-13"
 points="5.60635 2.99954,
	5.6004 2.99756,
	5.60635 2.99557,
	5.60238 2.98962,
	5.60833 2.99359,
	5.61031 2.98764,
	5.61229 2.99359,
	5.61824 2.98962,
	5.61428 2.99557,
	5.62023 2.99756,
	5.61428 2.99954,
	5.61824 3.00549,
	5.61229 3.00152,
	5.61031 3.00747,
	5.60833 3.00152,
	5.60238 3.00549,
	"/>
<Contour name="d01ax40ab2ssvr" hidden="false" closed="true" simplified="false" border="0.5 0 1" fill="0.5 0 1" mode="-13"
 points="5.57065 2.9698,
	5.56471 2.96781,
	5.57065 2.96583,
	5.56669 2.95988,
	5.57264 2.96385,
	5.57462 2.9579,
	5.5766 2.96385,
	5.58255 2.95988,
	5.57859 2.96583,
	5.58453 2.96781,
	5.57859 2.9698,
	5.58255 2.97575,
	5.5766 2.97178,
	5.57462 2.97773,
	5.57264 2.97178,
	5.56669 2.97575,
	"/>
<Contour name="d01ax40ab2ssvr" hidden="false" closed="true" simplified="false" border="0.5 0 1" fill="0.5 0 1" mode="-13"
 points="5.62023 3.04316,
	5.61428 3.04118,
	5.62023 3.0392,
	5.61626 3.03325,
	5.62221 3.03721,
	5.62419 3.03126,
	5.62617 3.03721,
	5.63212 3.03325,
	5.62816 3.0392,
	5.6341 3.04118,
	5.62816 3.04316,
	5.63212 3.04911,
	5.62617 3.04514,
	5.62419 3.05109,
	5.62221 3.04514,
	5.61626 3.04911,
	"/>
<Contour name="d01p45" hidden="false" closed="true" simplified="false" border="1 1 0" fill="1 1 0" mode="-9"
 points="6.54862 3.1479,
	6.54862 3.09543,
	6.49615 3.09543,
	6.49615 3.14134,
	6.48959 3.1479,
	6.48959 3.08888,
	6.55517 3.08888,
	6.55517 3.15446,
	6.48959 3.15446,
	6.49615 3.1479,
	"/>
<Contour name="d01SER" hidden="false" closed="true" simplified="true" border="0 1 0" fill="0 1 0" mode="-9"
 points="6.62435 2.76835,
	6.63395 2.76114,
	6.65316 2.75874,
	6.66036 2.76595,
	6.66276 2.77555,
	6.65556 2.78275,
	6.63635 2.78515,
	6.63155 2.78515,
	6.62435 2.77555,
	6.62435 2.77075,
	"/>
<Contour name="d02SER" hidden="false" closed="true" simplified="true" border="0 1 0" fill="0 1 0" mode="-9"
 points="5.91971 2.85591,
	5.94698 2.83887,
	5.97424 2.83546,
	6.00151 2.83887,
	6.02877 2.85591,
	6.02877 2.86954,
	6.01855 2.88318,
	5.99128 2.88999,
	5.96402 2.88999,
	5.93675 2.88318,
	5.92312 2.87977,
	5.91971 2.86614,
	5.91971 2.85932,
	"/>
<Contour name="d02SER" hidden="false" closed="true" simplified="true" border="0 1 0" fill="0 1 0" mode="-9"
 points="5.9981 2.49126,
	6.02195 2.4674,
	6.04922 2.45377,
	6.07648 2.45036,
	6.13101 2.41287,
	6.15487 2.39242,
	6.18213 2.3822,
	6.23666 2.38561,
	6.22984 2.39924,
	6.17531 2.41628,
	6.14805 2.4265,
	6.12079 2.44695,
	6.09352 2.47422,
	6.06626 2.49466,
	6.05263 2.50489,
	6.02536 2.5083,
	6.01173 2.5083,
	5.9981 2.49807,
	5.9981 2.49466,
	"/>
<Contour name="d02SER" hidden="false" closed="true" simplified="true" border="0 1 0" fill="0 1 0" mode="-9"
 points="6.65925 2.52193,
	6.70356 2.47762,
	6.73082 2.45377,
	6.74786 2.42991,
	6.77172 2.41287,
	6.79898 2.40606,
	6.81261 2.40606,
	6.81602 2.40946,
	6.80239 2.41969,
	6.8092 2.4265,
	6.8092 2.45377,
	6.8092 2.4674,
	6.80239 2.47422,
	6.80239 2.48103,
	6.77853 2.5083,
	6.72741 2.54578,
	6.67288 2.54919,
	6.65925 2.54238,
	6.65925 2.52874,
	6.65925 2.52534,
	"/>
<Contour name="d02SER" hidden="false" closed="true" simplified="true" border="0 1 0" fill="0 1 0" mode="-9"
 points="6.6388 2.31745,
	6.64562 2.31063,
	6.65244 2.31063,
	6.65925 2.30381,
	6.71378 2.297,
	6.74104 2.297,
	6.79557 2.28337,
	6.82284 2.26973,
	6.82965 2.26973,
	6.85351 2.25269,
	6.96256 2.24588,
	6.9762 2.24929,
	6.98983 2.25951,
	6.98983 2.28677,
	6.98301 2.30041,
	6.96938 2.30381,
	6.96256 2.31063,
	6.9353 2.32085,
	6.90804 2.33789,
	6.8944 2.34471,
	6.88759 2.34471,
	6.88077 2.35153,
	6.86714 2.35494,
	6.84328 2.37538,
	6.81602 2.38561,
	6.78876 2.37879,
	6.77853 2.36857,
	6.78194 2.35494,
	6.79557 2.34471,
	6.82284 2.3413,
	6.8501 2.32767,
	6.85692 2.31404,
	6.84328 2.31063,
	6.73423 2.34812,
	6.6797 2.35153,
	6.65244 2.3413,
	6.6388 2.32767,
	6.6388 2.32085,
	"/>
<Contour name="d05SER" hidden="false" closed="true" simplified="true" border="0 1 0" fill="0 1 0" mode="-9"
 points="4.89125 3.11345,
	4.90353 3.10424,
	4.95266 3.10117,
	4.96494 3.10731,
	4.97108 3.11345,
	4.95573 3.13801,
	4.94959 3.14415,
	4.92502 3.14722,
	4.90046 3.13801,
	4.89125 3.12573,
	4.89125 3.11652,
	"/>
<Contour name="d05SER" hidden="false" closed="true" simplified="true" border="0 1 0" fill="0 1 0" mode="-9"
 points="5.4163 2.8586,
	5.43472 2.83711,
	5.45928 2.8279,
	5.47157 2.8279,
	5.47771 2.82176,
	5.50227 2.82176,
	5.51455 2.8279,
	5.52376 2.84018,
	5.4992 2.8586,
	5.45314 2.88009,
	5.42858 2.88317,
	5.4163 2.87395,
	5.4163 2.86167,
	"/>
<Contour name="d05SER" hidden="false" closed="true" simplified="true" border="0 1 0" fill="0 1 0" mode="-9"
 points="5.34875 2.71736,
	5.36103 2.70815,
	5.36717 2.70815,
	5.37331 2.70201,
	5.39787 2.70201,
	5.40402 2.70508,
	5.40095 2.71736,
	5.38866 2.72657,
	5.3641 2.72964,
	5.35182 2.72964,
	5.34875 2.72043,
	"/>
<Contour name="d08SER" hidden="false" closed="true" simplified="true" border="0 1 0" fill="0 1 0" mode="-9"
 points="5.0258 5.16563,
	5.03117 5.16025,
	5.03655 5.16025,
	5.04193 5.15487,
	5.04731 5.15487,
	5.05269 5.14949,
	5.09571 5.13067,
	5.11722 5.1226,
	5.16025 5.12798,
	5.14949 5.14949,
	5.1468 5.16025,
	5.12798 5.17907,
	5.10647 5.18714,
	5.06344 5.18983,
	5.05269 5.18983,
	5.03117 5.17907,
	5.0258 5.17369,
	5.0258 5.16831,
	"/>
<Contour name="d08SER" hidden="false" closed="true" simplified="true" border="0 1 0" fill="0 1 0" mode="-9"
 points="4.9021 4.82681,
	4.94513 4.82412,
	4.98815 4.83219,
	4.99891 4.83219,
	5.0016 4.83488,
	4.98277 4.85639,
	4.97739 4.86177,
	4.93437 4.85908,
	4.92361 4.85639,
	4.91824 4.85101,
	4.91286 4.85101,
	4.9021 4.84025,
	4.9021 4.8295,
	"/>
<Contour name="d10SER" hidden="false" closed="true" simplified="true" border="0 1 0" fill="0 1 0" mode="-9"
 points="6.98982 0.435924,
	7.00185 0.423899,
	7.0259 0.417886,
	7.03792 0.411873,
	7.06197 0.41488,
	7.06498 0.420892,
	7.04995 0.468994,
	7.03792 0.478014,
	7.01387 0.475007,
	6.99283 0.453963,
	6.98982 0.441937,
	6.98982 0.438931,
	"/>
<Contour name="d10SER" hidden="false" closed="true" simplified="true" border="0 1 0" fill="0 1 0" mode="-9"
 points="7.46182 0.441937,
	7.47385 0.429912,
	7.52195 0.417886,
	7.546 0.417886,
	7.5941 0.432918,
	7.60012 0.432918,
	7.64521 0.468994,
	7.64822 0.475007,
	7.64221 0.487033,
	7.63018 0.496052,
	7.60613 0.502065,
	7.55803 0.499058,
	7.53398 0.496052,
	7.48587 0.478014,
	7.46483 0.456969,
	7.46182 0.444943,
	"/>
<Contour name="d10SER" hidden="false" closed="true" simplified="true" border="0 1 0" fill="0 1 0" mode="-9"
 points="7.37464 0.784664,
	7.38366 0.775645,
	7.39568 0.772638,
	7.40771 0.784664,
	7.39869 0.796689,
	7.38666 0.799696,
	7.37464 0.793683,
	7.37464 0.78767,
	"/>
<Contour name="d08exclude" hidden="false" closed="true" simplified="true" border="1 1 0" fill="1 0 0.5" mode="9"
 points="3.45421 5.34005,
	3.46375 5.32096,
	3.47808 5.30663,
	3.49717 5.29709,
	3.51627 5.28276,
	3.53537 5.27321,
	3.54492 5.26844,
	3.56401 5.26844,
	3.58073 5.28038,
	3.58789 5.29947,
	3.59744 5.30902,
	3.60698 5.30902,
	3.61653 5.31618,
	3.61653 5.35438,
	3.61653 5.36393,
	3.6046 5.38302,
	3.5855 5.39735,
	3.57595 5.40212,
	3.53776 5.40212,
	3.51866 5.39973,
	3.49956 5.39018,
	3.49479 5.38541,
	3.47569 5.38302,
	3.46614 5.38064,
	3.45659 5.37109,
	3.45421 5.35199,
	3.45421 5.34244,
	"/>
<Contour name="ax17" comment="LK bouton trace named after cfa" hidden="false" closed="true" simplified="true" border="0 1 1" fill="0.502 1 1" mode="9"
 points="4.12501 2.89528,
	4.13148 2.86567,
	4.14074 2.83606,
	4.14444 2.82125,
	4.15924 2.79164,
	4.16294 2.78424,
	4.1685 2.77684,
	4.1833 2.76573,
	4.19811 2.75185,
	4.22216 2.72224,
	4.22957 2.71484,
	4.23327 2.71114,
	4.24807 2.70281,
	4.25547 2.69819,
	4.25918 2.69726,
	4.27398 2.68801,
	4.3332 2.66117,
	4.3406 2.65562,
	4.35541 2.64822,
	4.38502 2.63619,
	4.41463 2.62601,
	4.42943 2.61954,
	4.54787 2.59455,
	4.57748 2.58715,
	4.59228 2.58437,
	4.60709 2.58345,
	4.6367 2.57697,
	4.6515 2.57512,
	4.68111 2.57605,
	4.69592 2.57605,
	4.72553 2.57327,
	4.74033 2.57235,
	4.75514 2.56957,
	4.76994 2.56494,
	4.78475 2.55569,
	4.7866 2.55384,
	4.794 2.55106,
	4.8014 2.54459,
	4.80881 2.53996,
	4.82361 2.53626,
	4.88283 2.52886,
	4.91244 2.52701,
	4.92724 2.52608,
	4.94205 2.52701,
	4.97166 2.5233,
	5.00127 2.52238,
	5.03088 2.52423,
	5.06049 2.52423,
	5.07529 2.52516,
	5.0827 2.52423,
	5.0975 2.52516,
	5.11231 2.52423,
	5.11971 2.5233,
	5.13451 2.52423,
	5.19373 2.52145,
	5.20854 2.51868,
	5.22334 2.51775,
	5.23074 2.51683,
	5.23815 2.51775,
	5.24185 2.51775,
	5.24555 2.5159,
	5.27516 2.51405,
	5.30477 2.50942,
	5.36399 2.50757,
	5.3936 2.50757,
	5.401 2.50665,
	5.4084 2.50757,
	5.43801 2.5048,
	5.45282 2.50572,
	5.48243 2.5048,
	5.51204 2.50202,
	5.54165 2.5011,
	5.55645 2.50017,
	5.58606 2.49555,
	5.59346 2.49369,
	5.59716 2.49184,
	5.62677 2.49277,
	5.64158 2.49462,
	5.65638 2.50202,
	5.66009 2.50295,
	5.66749 2.5085,
	5.67119 2.51035,
	5.67859 2.51775,
	5.68414 2.52516,
	5.68507 2.52886,
	5.69525 2.54366,
	5.69802 2.55847,
	5.6971 2.57327,
	5.6934 2.58067,
	5.67859 2.5927,
	5.67119 2.59733,
	5.66749 2.59825,
	5.66009 2.60288,
	5.65268 2.60473,
	5.64898 2.60658,
	5.64528 2.60658,
	5.63788 2.60936,
	5.62307 2.61028,
	5.61567 2.60936,
	5.60827 2.61028,
	5.59346 2.60751,
	5.56385 2.60566,
	5.55645 2.60566,
	5.54165 2.60843,
	5.52684 2.61306,
	5.51944 2.61769,
	5.50463 2.62231,
	5.47502 2.62046,
	5.46022 2.61769,
	5.45282 2.61306,
	5.43801 2.60936,
	5.42321 2.60843,
	5.3936 2.60936,
	5.3862 2.60843,
	5.35659 2.60936,
	5.32698 2.60751,
	5.31217 2.60658,
	5.29737 2.60381,
	5.26776 2.60196,
	5.25295 2.60103,
	5.24555 2.59918,
	5.23074 2.59825,
	5.22334 2.59733,
	5.21594 2.59363,
	5.18633 2.5853,
	5.17893 2.58252,
	5.16412 2.57975,
	5.1049 2.57975,
	5.0975 2.58067,
	5.06789 2.57697,
	5.03828 2.57605,
	5.02348 2.57697,
	4.99387 2.5816,
	4.96426 2.58993,
	4.94945 2.59363,
	4.94205 2.59363,
	4.93835 2.59363,
	4.93465 2.59548,
	4.92724 2.59548,
	4.91244 2.59825,
	4.90504 2.59825,
	4.90134 2.59825,
	4.89393 2.60196,
	4.87913 2.60566,
	4.87173 2.60566,
	4.86432 2.60751,
	4.84952 2.60751,
	4.84212 2.60751,
	4.83471 2.61028,
	4.83101 2.61121,
	4.82454 2.61861,
	4.79493 2.63804,
	4.78752 2.64359,
	4.77272 2.65007,
	4.76532 2.6547,
	4.75791 2.65747,
	4.75051 2.6621,
	4.74311 2.66488,
	4.73941 2.66673,
	4.73571 2.67043,
	4.7061 2.68246,
	4.69129 2.69264,
	4.68389 2.69634,
	4.67649 2.70189,
	4.67279 2.70281,
	4.66538 2.70837,
	4.66168 2.71022,
	4.65428 2.71669,
	4.64688 2.72132,
	4.64318 2.72317,
	4.63577 2.72965,
	4.63207 2.73335,
	4.62467 2.73798,
	4.60987 2.75185,
	4.59876 2.76666,
	4.59228 2.77406,
	4.58303 2.78887,
	4.57933 2.79627,
	4.57655 2.79997,
	4.57563 2.80367,
	4.57378 2.80552,
	4.57378 2.80737,
	4.56082 2.82218,
	4.5525 2.83698,
	4.54787 2.85179,
	4.54324 2.85919,
	4.54139 2.86289,
	4.53954 2.86474,
	4.53862 2.86844,
	4.52844 2.88325,
	4.52474 2.89065,
	4.52196 2.89435,
	4.52011 2.90175,
	4.51733 2.90546,
	4.51178 2.92026,
	4.50808 2.92766,
	4.50716 2.93136,
	4.50438 2.93506,
	4.49328 2.96467,
	4.49143 2.97208,
	4.48773 2.97948,
	4.48495 2.98318,
	4.48495 2.98503,
	4.47292 2.99984,
	4.45812 3.01464,
	4.44516 3.02945,
	4.44146 3.03315,
	4.42666 3.03962,
	4.41185 3.0535,
	4.38224 3.06923,
	4.35263 3.07294,
	4.34523 3.07479,
	4.31562 3.07201,
	4.2564 3.06923,
	4.249 3.06831,
	4.21939 3.05443,
	4.20458 3.0424,
	4.20088 3.0387,
	4.19348 3.03407,
	4.1796 3.02204,
	4.1759 3.02019,
	4.16294 3.00539,
	4.14351 2.97578,
	4.13611 2.96097,
	4.12686 2.93136,
	4.12501 2.91656,
	4.12501 2.90175,
	4.12501 2.89805,
	4.12501 2.8962,
	"/>
<Contour name="ax12" comment="LK bouton trace named after cfa" hidden="false" closed="true" simplified="true" border="0 1 1" fill="0.502 1 1" mode="-9"
 points="7.11927 4.06869,
	7.12299 4.05382,
	7.14156 4.0241,
	7.15457 4.00923,
	7.162 4.0018,
	7.17129 3.98694,
	7.19916 3.95907,
	7.21402 3.94607,
	7.22703 3.93678,
	7.25489 3.91077,
	7.2679 3.90148,
	7.27533 3.89962,
	7.28276 3.90148,
	7.29762 3.89962,
	7.31249 3.90148,
	7.34035 3.91448,
	7.36636 3.93864,
	7.3738 3.9535,
	7.37751 3.96836,
	7.37751 3.98322,
	7.3738 3.99809,
	7.3738 4.00552,
	7.36822 4.02038,
	7.3515 4.05011,
	7.34035 4.06497,
	7.2809 4.10584,
	7.27533 4.10956,
	7.26047 4.12442,
	7.23074 4.13928,
	7.21588 4.14857,
	7.18615 4.15043,
	7.12856 4.11699,
	7.12299 4.11142,
	7.11927 4.09655,
	7.11927 4.08169,
	7.11927 4.07426,
	7.11927 4.07054,
	"/>
<Contour name="ax11" comment="LK bouton trace named after cfa" hidden="false" closed="true" simplified="true" border="0 1 1" fill="0.502 1 1" mode="-9"
 points="2.64445 3.4198,
	2.65397 3.40457,
	2.65968 3.39696,
	2.66158 3.38934,
	2.66729 3.38173,
	2.66919 3.3665,
	2.65587 3.30559,
	2.65777 3.29036,
	2.66348 3.27513,
	2.66729 3.26752,
	2.68252 3.25419,
	2.69013 3.24848,
	2.72059 3.24087,
	2.7282 3.23516,
	2.73582 3.23326,
	2.75105 3.22374,
	2.75866 3.21803,
	2.76627 3.21612,
	2.79673 3.19709,
	2.82719 3.18376,
	2.8881 3.1514,
	2.94901 3.12285,
	2.96424 3.11714,
	2.97947 3.11524,
	3.00992 3.10382,
	3.04038 3.08668,
	3.05561 3.07907,
	3.06322 3.07717,
	3.07845 3.06765,
	3.10891 3.041,
	3.12413 3.02768,
	3.13936 3.01816,
	3.15459 3.00483,
	3.2155 2.96867,
	3.23073 2.96105,
	3.24406 2.94963,
	3.25357 2.94202,
	3.28403 2.9325,
	3.31449 2.91918,
	3.32971 2.90966,
	3.33733 2.90585,
	3.34113 2.90204,
	3.35636 2.89633,
	3.36017 2.89253,
	3.36398 2.89253,
	3.3792 2.88301,
	3.38301 2.8792,
	3.39063 2.8773,
	3.40585 2.86588,
	3.43631 2.85255,
	3.44392 2.84875,
	3.44773 2.84494,
	3.45535 2.84303,
	3.4858 2.8221,
	3.49151 2.81639,
	3.50103 2.81068,
	3.51626 2.80687,
	3.54671 2.79164,
	3.57717 2.78212,
	3.60763 2.78022,
	3.63808 2.78593,
	3.6457 2.79164,
	3.6495 2.79545,
	3.65331 2.8259,
	3.65331 2.83352,
	3.64379 2.84875,
	3.61334 2.8773,
	3.59811 2.88872,
	3.59049 2.89633,
	3.57336 2.92679,
	3.56956 2.9344,
	3.55433 2.94963,
	3.5391 2.95915,
	3.53529 2.96296,
	3.53149 2.96296,
	3.52387 2.97057,
	3.49342 2.9858,
	3.47819 2.99532,
	3.44773 3.00674,
	3.41728 3.01245,
	3.40205 3.02006,
	3.38682 3.02197,
	3.37159 3.02768,
	3.35636 3.02958,
	3.34875 3.03529,
	3.34113 3.03719,
	3.33733 3.03719,
	3.32971 3.0429,
	3.31449 3.04671,
	3.30687 3.05242,
	3.29164 3.05623,
	3.28403 3.05813,
	3.27642 3.06384,
	3.2155 3.08097,
	3.18505 3.09049,
	3.15459 3.10762,
	3.13936 3.11714,
	3.12413 3.12285,
	3.09368 3.14379,
	3.07845 3.15521,
	3.04799 3.17234,
	3.03277 3.17805,
	3.00231 3.19518,
	2.98708 3.2009,
	2.95662 3.21803,
	2.9414 3.22564,
	2.91475 3.2561,
	2.90523 3.27133,
	2.89952 3.27894,
	2.88429 3.28846,
	2.87097 3.30178,
	2.85193 3.33224,
	2.84622 3.34747,
	2.80625 3.40838,
	2.79673 3.42361,
	2.76627 3.44835,
	2.73582 3.46548,
	2.72059 3.46929,
	2.71298 3.4731,
	2.69775 3.475,
	2.66729 3.46739,
	2.65206 3.45597,
	2.64635 3.44835,
	2.64445 3.43312,
	2.64445 3.42551,
	2.64445 3.4217,
	"/>
</Transform>

<Transform dim="0"
 xcoef=" 0 1 0 0 0 0"
 ycoef=" 0 0 1 0 0 0">
<Contour name="ax29" comment="LK bouton trace named after cfa" hidden="false" closed="true" simplified="true" border="0 1 1" fill="0.502 1 1" mode="11"
 points="6.91789 4.71303,
	6.92836 4.70257,
	6.93359 4.69733,
	6.95453 4.68163,
	6.95976 4.67771,
	6.97023 4.67313,
	6.97546 4.67116,
	6.98528 4.6607,
	6.98724 4.65546,
	6.98724 4.63453,
	6.98789 4.62406,
	6.98789 4.62144,
	6.99771 4.61228,
	7.00817 4.60509,
	7.01341 4.60182,
	7.02387 4.59266,
	7.02911 4.58742,
	7.05004 4.56976,
	7.05266 4.56714,
	7.07359 4.55275,
	7.08406 4.54621,
	7.08537 4.5449,
	7.08799 4.54425,
	7.09322 4.54098,
	7.09845 4.5364,
	7.11939 4.52528,
	7.14032 4.51546,
	7.14556 4.51154,
	7.15602 4.50957,
	7.16126 4.50957,
	7.17173 4.5063,
	7.18219 4.5063,
	7.20313 4.48733,
	7.21359 4.47817,
	7.22406 4.47032,
	7.23453 4.46574,
	7.23976 4.46443,
	7.2607 4.46443,
	7.27117 4.46378,
	7.31303 4.45658,
	7.3235 4.45266,
	7.32874 4.45004,
	7.34967 4.43238,
	7.3549 4.4278,
	7.36537 4.42191,
	7.38631 4.41275,
	7.39154 4.41013,
	7.39677 4.40556,
	7.41771 4.39901,
	7.42818 4.39574,
	7.43341 4.39313,
	7.44257 4.38266,
	7.44911 4.37219,
	7.45303 4.36172,
	7.46743 4.34079,
	7.47462 4.33032,
	7.48575 4.30939,
	7.4949 4.28845,
	7.49556 4.28322,
	7.49556 4.28191,
	7.49621 4.27864,
	7.49621 4.27733,
	7.49752 4.27602,
	7.49818 4.27341,
	7.50406 4.26294,
	7.50668 4.2577,
	7.51453 4.24789,
	7.52369 4.23808,
	7.52565 4.23546,
	7.52631 4.23546,
	7.53023 4.2335,
	7.55117 4.22957,
	7.56163 4.22761,
	7.58257 4.22107,
	7.59304 4.21714,
	7.59827 4.21518,
	7.6192 4.20079,
	7.62967 4.19359,
	7.6349 4.19032,
	7.64537 4.18116,
	7.66304 4.16023,
	7.67285 4.14976,
	7.69378 4.13144,
	7.73565 4.09873,
	7.74089 4.09481,
	7.7435 4.09284,
	7.74874 4.09154,
	7.7592 4.08565,
	7.80107 4.06668,
	7.81154 4.0621,
	7.83248 4.05752,
	7.83771 4.05686,
	7.84033 4.05686,
	7.85079 4.05228,
	7.87173 4.04836,
	7.9136 4.04378,
	7.99734 4.03789,
	8.03921 4.02808,
	8.06014 4.02415,
	8.08107 4.02154,
	8.12294 4.01172,
	8.12818 4.01041,
	8.13341 4.01041,
	8.14388 4.00649,
	8.18575 4.00387,
	8.19622 4.00322,
	8.20145 4.00453,
	8.20341 4.00583,
	8.20407 4.0163,
	8.20407 4.02154,
	8.20276 4.02677,
	8.2021 4.02939,
	8.2021 4.03069,
	8.18509 4.05163,
	8.17593 4.0621,
	8.155 4.07911,
	8.14453 4.08696,
	8.1236 4.10004,
	8.08173 4.12097,
	8.0765 4.12359,
	8.03463 4.15696,
	8.01369 4.17397,
	7.97182 4.20013,
	7.96659 4.20406,
	7.96135 4.20537,
	7.94042 4.21583,
	7.92995 4.22172,
	7.88808 4.25574,
	7.87762 4.26425,
	7.86715 4.27013,
	7.84621 4.27929,
	7.83575 4.28649,
	7.83051 4.29107,
	7.82659 4.30154,
	7.82332 4.30677,
	7.81874 4.312,
	7.7978 4.31855,
	7.78734 4.32182,
	7.74547 4.34798,
	7.72453 4.35518,
	7.71406 4.35845,
	7.70883 4.36107,
	7.69836 4.37088,
	7.69313 4.37612,
	7.67939 4.39705,
	7.67547 4.40228,
	7.67416 4.4049,
	7.65322 4.42453,
	7.64276 4.43369,
	7.63229 4.43892,
	7.61135 4.44481,
	7.59042 4.44939,
	7.54855 4.45527,
	7.53808 4.45855,
	7.52761 4.46378,
	7.50668 4.47948,
	7.49621 4.48733,
	7.48575 4.49649,
	7.48313 4.49911,
	7.44126 4.5135,
	7.42032 4.5207,
	7.37846 4.53771,
	7.36799 4.54228,
	7.34705 4.54817,
	7.33659 4.55406,
	7.32612 4.56191,
	7.32088 4.56649,
	7.3078 4.58742,
	7.30126 4.59789,
	7.29799 4.60313,
	7.28752 4.61228,
	7.28229 4.61686,
	7.26135 4.62668,
	7.25612 4.62995,
	7.25088 4.63191,
	7.24042 4.6378,
	7.21948 4.6463,
	7.20902 4.64957,
	7.18808 4.65219,
	7.16715 4.65612,
	7.16191 4.65808,
	7.15668 4.662,
	7.15145 4.66331,
	7.14098 4.67116,
	7.09911 4.69406,
	7.07817 4.70387,
	7.05724 4.70257,
	7.04677 4.70191,
	7.04154 4.70257,
	6.99967 4.71892,
	6.99444 4.72285,
	6.98397 4.72743,
	6.9735 4.73462,
	6.96303 4.73986,
	6.9578 4.74182,
	6.93686 4.74247,
	6.93163 4.74051,
	6.92116 4.73266,
	6.9192 4.7307,
	6.91855 4.72023,
	6.91789 4.715,
	6.91789 4.71369,
	"/>
</Transform>

<Transform dim="6"
 xcoef=" 0.116309052505266 0.806932632826872 0.104326459694947 0 0 0"
 ycoef=" -0.000942105629338164 0.056008354344577 1.26433025160286 0 0 0">
<Image mag="0.00223486" contrast="1.248" brightness="-0.105" red="true" green="true" blue="true"
 src="XRZCT.203.jpg" />
<Contour name="domain1" hidden="false" closed="true" simplified="false" border="1 0 1" fill="1 0 1" mode="11"
 points="0 0,
	4083 0,
	4083 4083,
	0 4083,
	"/>
</Transform>

<Transform dim="0"
 xcoef=" 0 1 0 0 0 0"
 ycoef=" 0 0 1 0 0 0">
<Contour name="ax12" comment="LK bouton trace named after cfa" hidden="false" closed="true" simplified="true" border="0 1 1" fill="0.502 1 1" mode="-9"
 points="5.11107 5.86471,
	5.11442 5.82897,
	5.1133 5.79324,
	5.11442 5.78431,
	5.12112 5.77538,
	5.13005 5.76756,
	5.20152 5.72624,
	5.27298 5.69944,
	5.29085 5.69386,
	5.29978 5.69051,
	5.30872 5.68493,
	5.34445 5.67041,
	5.36232 5.66036,
	5.37125 5.65478,
	5.38688 5.63691,
	5.39247 5.62798,
	5.40028 5.61011,
	5.40252 5.60564,
	5.41145 5.59671,
	5.41592 5.59224,
	5.48738 5.54981,
	5.50525 5.53976,
	5.52311 5.52748,
	5.55885 5.51185,
	5.56331 5.50961,
	5.56778 5.50515,
	5.60351 5.4884,
	5.62138 5.47835,
	5.63031 5.47388,
	5.63478 5.47276,
	5.64371 5.46718,
	5.64818 5.46606,
	5.66605 5.45601,
	5.68391 5.4482,
	5.71965 5.43815,
	5.73751 5.43256,
	5.77325 5.41358,
	5.80898 5.38566,
	5.82573 5.37003,
	5.83243 5.3611,
	5.86816 5.33095,
	5.87709 5.32425,
	5.88379 5.31643,
	5.88826 5.31308,
	5.89273 5.31196,
	5.89719 5.30861,
	5.89943 5.30861,
	5.91729 5.29633,
	5.92623 5.2941,
	5.94409 5.29521,
	5.95303 5.29745,
	5.95526 5.29745,
	5.95749 5.29968,
	5.96643 5.30303,
	5.98206 5.31643,
	5.98876 5.32536,
	5.99323 5.3343,
	5.99323 5.33653,
	5.99546 5.33876,
	6.00104 5.35663,
	6.00328 5.39125,
	6.00216 5.39571,
	5.98429 5.41135,
	5.96643 5.42475,
	5.96196 5.4281,
	5.95749 5.42921,
	5.93963 5.4415,
	5.93069 5.4482,
	5.89496 5.4683,
	5.82349 5.51631,
	5.80563 5.52525,
	5.79669 5.52971,
	5.77883 5.54534,
	5.7431 5.56544,
	5.72523 5.57326,
	5.6895 5.59336,
	5.67163 5.60341,
	5.6627 5.60676,
	5.66046 5.60676,
	5.65265 5.61458,
	5.64371 5.61793,
	5.62585 5.62798,
	5.61691 5.63244,
	5.59905 5.63468,
	5.59458 5.63468,
	5.57671 5.64919,
	5.56778 5.65589,
	5.53428 5.69163,
	5.51641 5.70838,
	5.51195 5.71284,
	5.47622 5.73294,
	5.45835 5.74188,
	5.44048 5.75416,
	5.40475 5.77426,
	5.38688 5.78431,
	5.37795 5.78989,
	5.36455 5.80776,
	5.35785 5.81669,
	5.35785 5.82116,
	5.33663 5.85689,
	5.33217 5.86582,
	5.33105 5.87476,
	5.3143 5.91049,
	5.30537 5.92836,
	5.2942 5.94622,
	5.27968 5.96297,
	5.26182 5.97079,
	5.25735 5.97079,
	5.254 5.97526,
	5.23613 5.98196,
	5.21827 5.98531,
	5.20934 5.98642,
	5.1736 5.98419,
	5.16467 5.98419,
	5.15574 5.98084,
	5.13787 5.96632,
	5.12894 5.95962,
	5.12559 5.95069,
	5.12224 5.94622,
	5.11554 5.91049,
	5.11219 5.89262,
	5.11107 5.87476,
	5.11107 5.86582,
	"/>
</Transform>

<Transform dim="0"
 xcoef=" 0 1 0 0 0 0"
 ycoef=" 0 0 1 0 0 0">
<Contour name="d02c45ax17_ssvr" comment="LK bouton trace named after cfa" hidden="false" closed="true" simplified="false" border="0 1 0.251" fill="0 1 0.251" mode="11"
 points="4.39991 2.74712,
	4.39217 2.73939,
	4.39991 2.73165,
	4.40764 2.73939,
	"/>
<Contour name="d02c45ax17_ssvr" comment="LK bouton trace named after cfa" hidden="false" closed="true" simplified="false" border="0 1 0.251" fill="0 1 0.251" mode="11"
 points="4.46731 2.75265,
	4.45957 2.74491,
	4.46731 2.73718,
	4.47504 2.74491,
	"/>
<Contour name="d02c45ax17_ssvr" comment="LK bouton trace named after cfa" hidden="false" closed="true" simplified="false" border="0 1 0.251" fill="0 1 0.251" mode="11"
 points="4.51703 2.73055,
	4.5093 2.72281,
	4.51703 2.71508,
	4.52477 2.72281,
	"/>
<Contour name="d02c45ax17_ssvr" comment="LK bouton trace named after cfa" hidden="false" closed="true" simplified="false" border="0 1 0.251" fill="0 1 0.251" mode="11"
 points="4.58664 2.68083,
	4.57891 2.67309,
	4.58664 2.66536,
	4.59438 2.67309,
	"/>
<Contour name="d02c45ax17_ssvr" comment="LK bouton trace named after cfa" hidden="false" closed="true" simplified="false" border="0 1 0.251" fill="0 1 0.251" mode="11"
 points="4.65957 2.66315,
	4.65184 2.65541,
	4.65957 2.64768,
	4.6673 2.65541,
	"/>
<Contour name="d02c45ax17_ssvr" comment="LK bouton trace named after cfa" hidden="false" closed="true" simplified="false" border="0 1 0.251" fill="0 1 0.251" mode="11"
 points="4.43858 2.6532,
	4.43084 2.64547,
	4.43858 2.63773,
	4.44631 2.64547,
	"/>
</Transform>

<Transform dim="0"
 xcoef=" 0 1 0 0 0 0"
 ycoef=" 0 0 1 0 0 0">
<Contour name="PSDax_d02cfa45" hidden="true" closed="true" simplified="true" border="0 1 0.251" fill="0 0 1" mode="11"
 points="4.14014 2.89537,
	4.14165 2.87114,
	4.14316 2.86508,
	4.17951 2.81662,
	4.22494 2.76817,
	4.23705 2.75605,
	4.24311 2.74999,
	4.29157 2.73939,
	4.3158 2.73334,
	4.32791 2.73182,
	4.33094 2.73031,
	4.35214 2.75302,
	4.36425 2.7606,
	4.37637 2.76362,
	4.38243 2.76362,
	4.40665 2.77574,
	4.41574 2.78785,
	4.42634 2.81208,
	4.43088 2.8242,
	4.4324 2.83025,
	4.42937 2.85448,
	4.41574 2.90294,
	4.40817 2.92717,
	4.39757 2.9514,
	4.39303 2.96351,
	4.3688 2.98623,
	4.34457 2.99683,
	4.29611 3.01197,
	4.27188 3.015,
	4.25977 3.01651,
	4.25371 3.01803,
	4.22948 3.015,
	4.21737 3.01197,
	4.21131 3.01197,
	4.18708 3.00289,
	4.17496 2.99834,
	4.15831 2.97411,
	4.14771 2.94988,
	4.14165 2.92566,
	4.14014 2.90143,
	4.14014 2.89688,
	"/>
</Transform>

<Transform dim="0"
 xcoef=" 0 1 0 0 0 0"
 ycoef=" 0 0 1 0 0 0">
<Contour name="PSDax_d02c45" hidden="false" closed="true" simplified="true" border="1 0 0" fill="0 1 0" mode="9"
 points="4.14014 2.89537,
	4.14165 2.87114,
	4.14316 2.86508,
	4.17951 2.81662,
	4.22494 2.76817,
	4.23705 2.75605,
	4.24311 2.74999,
	4.29157 2.73939,
	4.3158 2.73334,
	4.32791 2.73182,
	4.33094 2.73031,
	4.35214 2.75302,
	4.36425 2.7606,
	4.37637 2.76362,
	4.38243 2.76362,
	4.40665 2.77574,
	4.41574 2.78785,
	4.42634 2.81208,
	4.43088 2.8242,
	4.4324 2.83025,
	4.42937 2.85448,
	4.41574 2.90294,
	4.40817 2.92717,
	4.39757 2.9514,
	4.39303 2.96351,
	4.3688 2.98623,
	4.34457 2.99683,
	4.29611 3.01197,
	4.27188 3.015,
	4.25977 3.01651,
	4.25371 3.01803,
	4.22948 3.015,
	4.21737 3.01197,
	4.21131 3.01197,
	4.18708 3.00289,
	4.17496 2.99834,
	4.15831 2.97411,
	4.14771 2.94988,
	4.14165 2.92566,
	4.14014 2.90143,
	4.14014 2.89688,
	"/>
</Transform>

<Transform dim="0"
 xcoef=" 0 1 0 0 0 0"
 ycoef=" 0 0 1 0 0 0">
<Contour name="PSDax_d02c45" hidden="false" closed="true" simplified="true" border="1 0 0" fill="0 1 0" mode="9"
 points="3.89179 2.96503,
	3.89936 2.9408,
	3.90542 2.92868,
	3.90996 2.92263,
	3.93419 2.90748,
	3.9463 2.90143,
	3.95842 2.8984,
	3.98265 2.8878,
	3.99325 2.88023,
	3.9993 2.86811,
	3.9993 2.856,
	4.00536 2.83177,
	4.01899 2.80754,
	4.06593 2.76362,
	4.09016 2.74697,
	4.11439 2.74242,
	4.13862 2.74091,
	4.15074 2.74242,
	4.15679 2.74394,
	4.17648 2.76817,
	4.18102 2.77422,
	4.18405 2.79845,
	4.18556 2.81057,
	4.17799 2.8348,
	4.15528 2.85448,
	4.13105 2.86357,
	4.11894 2.8666,
	4.09471 2.88023,
	4.07199 2.89688,
	4.06291 2.909,
	4.05836 2.91506,
	4.05836 2.92111,
	4.06442 2.93323,
	4.07653 2.94534,
	4.08259 2.95746,
	4.08562 2.96351,
	4.08259 2.98774,
	4.07351 2.99986,
	4.04928 3.01197,
	4.00082 3.0256,
	3.97659 3.03166,
	3.95236 3.03317,
	3.94025 3.03166,
	3.91602 3.02257,
	3.9039 3.01803,
	3.89633 3.00743,
	3.89179 2.9832,
	3.89179 2.97108,
	3.89179 2.96654,
	"/>
</Transform>

</Section>