<?xml version="1.0"?>
<!DOCTYPE Section SYSTEM "section.dtd">

<Section index="208" thickness="0.062" alignLocked="true">
<Transform dim="6"
 xcoef=" -0.0420367543434754 0.817194148118492 0.154593223290947 0 0 0"
 ycoef=" 0.075385184594196 0.0660660222411133 1.25061846519118 0 0 0">
<Image mag="0.00223486" contrast="1.248" brightness="-0.105" red="true" green="true" blue="true"
 src="XRZCT.208.jpg" />
<Contour name="domain1" hidden="false" closed="true" simplified="false" border="1 0 1" fill="1 0 1" mode="11"
 points="0 0,
	4083 0,
	4083 4083,
	0 4083,
	"/>
</Transform>

<Transform dim="0"
 xcoef=" 0 1 0 0 0 0"
 ycoef=" 0 0 1 0 0 0">
<Contour name="d10" hidden="false" closed="true" simplified="true" border="0 1 1" fill="0 1 1" mode="9"
 points="6.66098 0.520436,
	6.68491 0.47258,
	6.69687 0.448652,
	6.71482 0.424724,
	6.75969 0.397804,
	6.85241 0.332002,
	6.89727 0.29611,
	6.91223 0.287137,
	6.95709 0.254236,
	7.00495 0.227317,
	7.19637 0.185443,
	7.29209 0.158524,
	7.30405 0.158524,
	7.31601 0.152542,
	7.41173 0.140578,
	7.45958 0.131604,
	7.48351 0.122631,
	7.50744 0.107676,
	7.55529 0.122631,
	7.60315 0.125622,
	7.61511 0.131604,
	7.63904 0.134595,
	7.65101 0.137587,
	7.67493 0.155533,
	7.6869 0.164506,
	7.73475 0.167497,
	7.75868 0.17647,
	7.78261 0.194416,
	7.78859 0.20638,
	7.78859 0.230308,
	7.78261 0.242272,
	7.73475 0.269191,
	7.71083 0.290128,
	7.67194 0.334993,
	7.62409 0.364903,
	7.60315 0.388831,
	7.57623 0.436688,
	7.57025 0.448652,
	7.57025 0.47258,
	7.58221 0.520436,
	7.58221 0.5324,
	7.5882 0.544364,
	7.5882 0.640076,
	7.5882 0.664004,
	7.58221 0.675969,
	7.53137 0.720834,
	7.52538 0.720834,
	7.51342 0.729807,
	7.41771 0.73878,
	7.22628 0.73878,
	7.13057 0.73878,
	7.08271 0.753735,
	7.07075 0.759717,
	7.02289 0.762708,
	6.99897 0.762708,
	6.97504 0.76869,
	6.87933 0.76869,
	6.8554 0.76869,
	6.83147 0.759717,
	6.8225 0.735789,
	6.8225 0.640076,
	6.8225 0.628112,
	6.77464 0.595211,
	6.67893 0.574274,
	6.66696 0.568292,
	6.66098 0.556328,
	6.66098 0.5324,
	6.66098 0.523427,
	"/>
<Contour name="d10" hidden="false" closed="true" simplified="true" border="0 1 1" fill="0 1 1" mode="9"
 points="6.40076 0.963106,
	6.40974 0.939177,
	6.41572 0.927213,
	6.46357 0.891321,
	6.51143 0.861411,
	6.55929 0.840474,
	6.60714 0.82851,
	6.61911 0.822528,
	6.71482 0.810564,
	6.73875 0.810564,
	6.76268 0.82851,
	6.76268 0.852438,
	6.76268 0.864402,
	6.75669 0.876366,
	6.73576 0.900294,
	6.72678 0.912258,
	6.72379 1.00797,
	6.72379 1.05583,
	6.71482 1.07975,
	6.70884 1.08574,
	6.70884 1.09172,
	6.6879 1.10967,
	6.67893 1.12163,
	6.65799 1.13359,
	6.65201 1.13958,
	6.62808 1.14556,
	6.58022 1.14556,
	6.53237 1.13658,
	6.5204 1.13359,
	6.51442 1.12761,
	6.49049 1.11864,
	6.46657 1.0977,
	6.43366 1.05284,
	6.40974 1.00498,
	6.40076 0.981052,
	6.40076 0.969088,
	6.40076 0.966097,
	"/>
</Transform>

<Transform dim="0"
 xcoef=" 0 1 0 0 0 0"
 ycoef=" 0 0 1 0 0 0">
<Contour name="d05" hidden="false" closed="true" simplified="true" border="1 1 0" fill="1 1 0" mode="9"
 points="4.46445 2.8642,
	4.47554 2.80506,
	4.48293 2.7755,
	4.48293 2.76071,
	4.49771 2.73115,
	4.54576 2.67571,
	4.56793 2.64984,
	4.62337 2.6018,
	4.6825 2.56115,
	4.80076 2.49832,
	4.85989 2.47614,
	4.91902 2.47245,
	4.94859 2.47245,
	5.06685 2.44658,
	5.09642 2.44658,
	5.12599 2.45766,
	5.18512 2.45397,
	5.24425 2.45766,
	5.27382 2.45766,
	5.33295 2.44658,
	5.39208 2.44288,
	5.42165 2.43919,
	5.48078 2.44658,
	5.51034 2.45397,
	5.53252 2.47614,
	5.5436 2.50571,
	5.53991 2.53528,
	5.53991 2.54267,
	5.53252 2.54636,
	5.52882 2.56115,
	5.51773 2.57593,
	5.51034 2.58332,
	5.51034 2.59071,
	5.49186 2.62028,
	5.48447 2.62767,
	5.47339 2.65723,
	5.46969 2.67202,
	5.4623 2.67941,
	5.4623 2.6868,
	5.42534 2.74593,
	5.39947 2.76811,
	5.39577 2.7755,
	5.38838 2.7755,
	5.28121 2.8605,
	5.25164 2.88267,
	5.19251 2.91224,
	5.16664 2.92702,
	5.15186 2.93072,
	5.14446 2.93811,
	5.08903 2.96028,
	5.07425 2.97137,
	5.01511 2.98985,
	5.00033 2.98985,
	4.98555 2.99724,
	4.86728 3.00833,
	4.80815 3.02681,
	4.68989 3.04898,
	4.63076 3.04898,
	4.57163 3.0379,
	4.55684 3.0342,
	4.50141 2.99355,
	4.47554 2.96398,
	4.46445 2.93441,
	4.46445 2.87528,
	4.46445 2.86789,
	"/>
</Transform>

<Transform dim="0"
 xcoef=" 0 1 0 0 0 0"
 ycoef=" 0 0 1 0 0 0">
<Contour name="d01p46" hidden="false" closed="true" simplified="false" border="0 0 1" fill="0 0 1" mode="13"
 points="6.84013 2.48976,
	6.82622 2.47585,
	6.84013 2.46194,
	6.85404 2.47585,
	"/>
</Transform>

<Transform dim="0"
 xcoef=" 0 1 0 0 0 0"
 ycoef=" 0 0 1 0 0 0">
<Contour name="d01ax40ab2ssvr" hidden="false" closed="true" simplified="false" border="0.5 0 1" fill="0.5 0 1" mode="-13"
 points="5.53893 2.84488,
	5.53298 2.8429,
	5.53893 2.84091,
	5.53496 2.83496,
	5.54091 2.83893,
	5.54289 2.83298,
	5.54488 2.83893,
	5.55083 2.83496,
	5.54686 2.84091,
	5.55281 2.8429,
	5.54686 2.84488,
	5.55083 2.85083,
	5.54488 2.84686,
	5.54289 2.85281,
	5.54091 2.84686,
	5.53496 2.85083,
	"/>
<Contour name="d01ax40ab2ssvr" hidden="false" closed="true" simplified="false" border="0.5 0 1" fill="0.5 0 1" mode="-13"
 points="5.46755 2.83695,
	5.4616 2.83496,
	5.46755 2.83298,
	5.46358 2.82703,
	5.46953 2.831,
	5.47151 2.82505,
	5.4735 2.831,
	5.47944 2.82703,
	5.47548 2.83298,
	5.48143 2.83496,
	5.47548 2.83695,
	5.47944 2.8429,
	5.4735 2.83893,
	5.47151 2.84488,
	5.46953 2.83893,
	5.46358 2.8429,
	"/>
<Contour name="d01ax40ab2ssvr" hidden="false" closed="true" simplified="false" border="0.5 0 1" fill="0.5 0 1" mode="-13"
 points="5.43384 2.79729,
	5.42789 2.79531,
	5.43384 2.79332,
	5.42987 2.78738,
	5.43582 2.79134,
	5.4378 2.78539,
	5.43979 2.79134,
	5.44574 2.78738,
	5.44177 2.79332,
	5.44772 2.79531,
	5.44177 2.79729,
	5.44574 2.80324,
	5.43979 2.79927,
	5.4378 2.80522,
	5.43582 2.79927,
	5.42987 2.80324,
	"/>
<Contour name="d01ax40ab2ssvr" hidden="false" closed="true" simplified="false" border="0.5 0 1" fill="0.5 0 1" mode="-13"
 points="5.51514 2.89247,
	5.50919 2.89048,
	5.51514 2.8885,
	5.51117 2.88255,
	5.51712 2.88652,
	5.5191 2.88057,
	5.52108 2.88652,
	5.52703 2.88255,
	5.52307 2.8885,
	5.52902 2.89048,
	5.52307 2.89247,
	5.52703 2.89841,
	5.52108 2.89445,
	5.5191 2.9004,
	5.51712 2.89445,
	5.51117 2.89841,
	"/>
<Contour name="d01ax40ab2ssvr" hidden="false" closed="true" simplified="false" border="0.5 0 1" fill="0.5 0 1" mode="-13"
 points="5.46556 2.87462,
	5.45962 2.87264,
	5.46556 2.87066,
	5.4616 2.86471,
	5.46755 2.86867,
	5.46953 2.86272,
	5.47151 2.86867,
	5.47746 2.86471,
	5.4735 2.87066,
	5.47944 2.87264,
	5.4735 2.87462,
	5.47746 2.88057,
	5.47151 2.8766,
	5.46953 2.88255,
	5.46755 2.8766,
	5.4616 2.88057,
	"/>
<Contour name="d01ax40ab2ssvr" hidden="false" closed="true" simplified="false" border="0.5 0 1" fill="0.5 0 1" mode="-13"
 points="5.39815 2.89048,
	5.3922 2.8885,
	5.39815 2.88652,
	5.39418 2.88057,
	5.40013 2.88454,
	5.40211 2.87859,
	5.4041 2.88454,
	5.41005 2.88057,
	5.40608 2.88652,
	5.41203 2.8885,
	5.40608 2.89048,
	5.41005 2.89643,
	5.4041 2.89247,
	5.40211 2.89841,
	5.40013 2.89247,
	5.39418 2.89643,
	"/>
<Contour name="d01ax40ab2ssvr" hidden="false" closed="true" simplified="false" border="0.5 0 1" fill="0.5 0 1" mode="-13"
 points="5.3347 2.92617,
	5.32875 2.92419,
	5.3347 2.92221,
	5.33073 2.91626,
	5.33668 2.92023,
	5.33866 2.91428,
	5.34065 2.92023,
	5.34659 2.91626,
	5.34263 2.92221,
	5.34858 2.92419,
	5.34263 2.92617,
	5.34659 2.93212,
	5.34065 2.92816,
	5.33866 2.93411,
	5.33668 2.92816,
	5.33073 2.93212,
	"/>
<Contour name="d01ax40ab2ssvr" hidden="false" closed="true" simplified="false" border="0.5 0 1" fill="0.5 0 1" mode="-13"
 points="5.51514 2.95195,
	5.50919 2.94997,
	5.51514 2.94799,
	5.51117 2.94204,
	5.51712 2.946,
	5.5191 2.94005,
	5.52108 2.946,
	5.52703 2.94204,
	5.52307 2.94799,
	5.52902 2.94997,
	5.52307 2.95195,
	5.52703 2.9579,
	5.52108 2.95393,
	5.5191 2.95988,
	5.51712 2.95393,
	5.51117 2.9579,
	"/>
<Contour name="d01ax40ab2ssvr" hidden="false" closed="true" simplified="false" border="0.5 0 1" fill="0.5 0 1" mode="-13"
 points="5.39418 2.95195,
	5.38823 2.94997,
	5.39418 2.94799,
	5.39022 2.94204,
	5.39617 2.946,
	5.39815 2.94005,
	5.40013 2.946,
	5.40608 2.94204,
	5.40211 2.94799,
	5.40806 2.94997,
	5.40211 2.95195,
	5.40608 2.9579,
	5.40013 2.95393,
	5.39815 2.95988,
	5.39617 2.95393,
	5.39022 2.9579,
	"/>
<Contour name="d01ax40ab2ssvr" hidden="false" closed="true" simplified="false" border="0.5 0 1" fill="0.5 0 1" mode="-13"
 points="5.54091 3.0273,
	5.53496 3.02532,
	5.54091 3.02333,
	5.53695 3.01738,
	5.54289 3.02135,
	5.54488 3.0154,
	5.54686 3.02135,
	5.55281 3.01738,
	5.54884 3.02333,
	5.55479 3.02532,
	5.54884 3.0273,
	5.55281 3.03325,
	5.54686 3.02928,
	5.54488 3.03523,
	5.54289 3.02928,
	5.53695 3.03325,
	"/>
<Contour name="d01ax40ab2ssvr" hidden="false" closed="true" simplified="false" border="0.5 0 1" fill="0.5 0 1" mode="-13"
 points="5.4735 3.10661,
	5.46755 3.10463,
	5.4735 3.10265,
	5.46953 3.0967,
	5.47548 3.10066,
	5.47746 3.09471,
	5.47944 3.10066,
	5.48539 3.0967,
	5.48143 3.10265,
	5.48738 3.10463,
	5.48143 3.10661,
	5.48539 3.11256,
	5.47944 3.10859,
	5.47746 3.11454,
	5.47548 3.10859,
	5.46953 3.11256,
	"/>
<Contour name="d01ax40ab2ssvr" hidden="false" closed="true" simplified="false" border="0.5 0 1" fill="0.5 0 1" mode="-13"
 points="5.41798 3.0392,
	5.41203 3.03721,
	5.41798 3.03523,
	5.41401 3.02928,
	5.41996 3.03325,
	5.42194 3.0273,
	5.42393 3.03325,
	5.42987 3.02928,
	5.42591 3.03523,
	5.43186 3.03721,
	5.42591 3.0392,
	5.42987 3.04514,
	5.42393 3.04118,
	5.42194 3.04713,
	5.41996 3.04118,
	5.41401 3.04514,
	"/>
</Transform>

<Transform dim="0"
 xcoef=" 0 1 0 0 0 0"
 ycoef=" 0 0 1 0 0 0">
<Contour name="d01ax40ab2ssvd" hidden="false" closed="true" simplified="false" border="1 0.5 0" fill="1 0.5 0" mode="-13"
 points="5.31685 2.95988,
	5.31685 2.95592,
	5.32082 2.95195,
	5.32478 2.95195,
	5.32875 2.95592,
	5.32875 2.95988,
	5.32478 2.96385,
	5.32082 2.96385,
	"/>
</Transform>

<Transform dim="0"
 xcoef=" 0 1 0 0 0 0"
 ycoef=" 0 0 1 0 0 0">
<Contour name="d01ax40ab2c01" hidden="false" closed="true" simplified="true" border="0 1 0" fill="0 1 0" mode="-9"
 points="5.21161 2.98384,
	5.22172 2.96767,
	5.23789 2.95554,
	5.25406 2.94947,
	5.26215 2.95149,
	5.27024 2.95756,
	5.28843 3.02225,
	5.29247 3.03842,
	5.30662 3.07077,
	5.31269 3.08694,
	5.31673 3.09098,
	5.32684 3.12333,
	5.33493 3.1395,
	5.33695 3.17185,
	5.33695 3.17589,
	5.32078 3.186,
	5.31269 3.18802,
	5.28034 3.18195,
	5.26417 3.1678,
	5.25204 3.15163,
	5.24193 3.11928,
	5.23789 3.08694,
	5.23587 3.07077,
	5.21363 3.0081,
	5.21161 2.99193,
	5.21161 2.98586,
	"/>
<Contour name="d01ax40ab2cfa01" hidden="false" closed="false" simplified="false" border="0 1 1" fill="0 1 1" mode="-9"
 points="5.31048 3.19141,
	5.29228 3.14694,
	5.26398 3.04788,
	5.23163 2.96297,
	"/>
</Transform>

<Transform dim="0"
 xcoef=" 0 1 0 0 0 0"
 ycoef=" 0 0 1 0 0 0">
<Contour name="d01" hidden="false" closed="true" simplified="true" border="1 0.5 0" fill="1 0.5 0" mode="9"
 points="6.24094 2.86916,
	6.2559 2.84522,
	6.30377 2.80334,
	6.35164 2.77043,
	6.44738 2.73752,
	6.47131 2.73153,
	6.49525 2.71957,
	6.50123 2.71957,
	6.52517 2.69862,
	6.53414 2.68666,
	6.5491 2.6717,
	6.58201 2.62981,
	6.59398 2.62084,
	6.59996 2.60887,
	6.6209 2.59092,
	6.63287 2.56998,
	6.64484 2.55801,
	6.65082 2.54903,
	6.66279 2.54006,
	6.66877 2.53108,
	6.68972 2.51313,
	6.70468 2.4892,
	6.74357 2.45329,
	6.7675 2.43235,
	6.77947 2.42338,
	6.87521 2.41739,
	6.92308 2.41739,
	6.94701 2.41739,
	6.95599 2.42637,
	6.95599 2.4503,
	6.95599 2.46227,
	6.95599 2.46825,
	6.96796 2.48022,
	6.99189 2.48321,
	7.03976 2.49817,
	7.08763 2.49817,
	7.11156 2.49817,
	7.1355 2.50416,
	7.15943 2.51612,
	7.18337 2.52211,
	7.27911 2.52211,
	7.30304 2.5251,
	7.31501 2.53108,
	7.32099 2.53108,
	7.34193 2.55202,
	7.35091 2.56399,
	7.3539 2.57596,
	7.35091 2.58793,
	7.35091 2.59391,
	7.34493 2.59989,
	7.34493 2.60588,
	7.25816 2.68367,
	7.23423 2.70461,
	7.21628 2.72256,
	7.18337 2.77043,
	7.14148 2.80334,
	7.0966 2.84822,
	7.08464 2.87215,
	7.06669 2.89309,
	7.05771 2.90506,
	7.05173 2.91104,
	7.04574 2.91104,
	7.03378 2.92002,
	7.02181 2.92301,
	6.99787 2.93797,
	6.98591 2.94695,
	6.96197 2.95592,
	6.9141 2.98285,
	6.90214 2.98584,
	6.89615 2.99182,
	6.87222 3.0008,
	6.86025 3.00977,
	6.83632 3.01875,
	6.82435 3.02772,
	6.81238 3.03072,
	6.80041 3.03969,
	6.78845 3.04268,
	6.77648 3.05166,
	6.75254 3.06063,
	6.74058 3.06961,
	6.73459 3.06961,
	6.72861 3.07559,
	6.72263 3.07559,
	6.67476 3.10551,
	6.62689 3.12346,
	6.53115 3.12346,
	6.48328 3.12047,
	6.45935 3.11748,
	6.43541 3.1085,
	6.38754 3.07559,
	6.37258 3.05166,
	6.36361 3.02772,
	6.36062 3.00379,
	6.35762 2.99182,
	6.35164 2.98584,
	6.34865 2.97387,
	6.33369 2.94994,
	6.33369 2.94395,
	6.30975 2.926,
	6.28582 2.92002,
	6.26189 2.90805,
	6.24094 2.88711,
	6.24094 2.87514,
	6.24094 2.87215,
	"/>
</Transform>

<Transform dim="0"
 xcoef=" 0 1 0 0 0 0"
 ycoef=" 0 0 1 0 0 0">
<Contour name="d08" hidden="false" closed="true" simplified="true" border="1 1 0" fill="1 0 0.5" mode="9"
 points="4.24237 4.89661,
	4.29825 4.84073,
	4.33018 4.80879,
	4.36212 4.75291,
	4.48985 4.69703,
	4.52179 4.68106,
	4.58565 4.67308,
	4.71339 4.62518,
	4.84112 4.62518,
	4.87305 4.63316,
	4.88902 4.64913,
	4.95289 4.67308,
	4.98482 4.68904,
	4.98482 4.72098,
	5.01675 4.74493,
	5.08062 4.74493,
	5.14449 4.79283,
	5.16045 4.82476,
	5.17642 4.83274,
	5.1844 4.89661,
	5.17642 4.96048,
	5.11255 5.00838,
	4.98482 5.07224,
	4.92095 5.12014,
	4.88902 5.13611,
	4.63355 5.12813,
	4.56969 5.11216,
	4.53775 5.09619,
	4.47389 5.09619,
	4.44195 5.09619,
	4.37808 5.07224,
	4.35413 5.07224,
	4.3222 5.04829,
	4.24237 4.92854,
	4.23438 4.92056,
	"/>
</Transform>

<Transform dim="0"
 xcoef=" 0 1 0 0 0 0"
 ycoef=" 0 0 1 0 0 0">
<Contour name="ax11" comment="LK bouton trace named after cfa" hidden="false" closed="true" simplified="true" border="0 1 1" fill="0.502 1 1" mode="11"
 points="1.66664 4.12111,
	1.67746 4.10829,
	1.67906 4.10668,
	1.68106 4.10348,
	1.68748 4.09827,
	1.69389 4.09386,
	1.70671 4.08264,
	1.71953 4.07543,
	1.73236 4.06661,
	1.74518 4.059,
	1.75159 4.05619,
	1.758 4.05419,
	1.76442 4.05098,
	1.77724 4.04658,
	1.80289 4.03576,
	1.8093 4.03335,
	1.81571 4.02934,
	1.82212 4.02774,
	1.82533 4.02654,
	1.82853 4.02454,
	1.83174 4.02333,
	1.83334 4.02333,
	1.88463 3.98566,
	1.89105 3.98246,
	1.89385 3.97965,
	1.89666 3.97765,
	1.90307 3.97525,
	1.90948 3.97164,
	1.93513 3.9528,
	1.94154 3.9488,
	1.95436 3.94319,
	1.96077 3.93998,
	1.96398 3.93798,
	1.96719 3.93718,
	1.96879 3.93678,
	1.97199 3.93437,
	1.9752 3.93277,
	1.98802 3.92876,
	1.99444 3.92676,
	1.99764 3.92555,
	1.99844 3.92475,
	2.00485 3.92355,
	2.01127 3.91954,
	2.01768 3.91634,
	2.0305 3.90832,
	2.08179 3.87226,
	2.08821 3.86785,
	2.10103 3.86104,
	2.10744 3.85863,
	2.12026 3.85182,
	2.12668 3.84821,
	2.13309 3.84541,
	2.13629 3.843,
	2.14271 3.841,
	2.16835 3.8406,
	2.194 3.8394,
	2.20041 3.8386,
	2.20362 3.83779,
	2.21644 3.83018,
	2.22926 3.82177,
	2.23567 3.81776,
	2.23888 3.81575,
	2.24529 3.81014,
	2.2481 3.80694,
	2.2497 3.80534,
	2.25691 3.79251,
	2.26012 3.77969,
	2.26132 3.77328,
	2.26333 3.76687,
	2.26613 3.76045,
	2.26974 3.75404,
	2.27615 3.74803,
	2.27935 3.74483,
	2.28577 3.74082,
	2.29859 3.73441,
	2.305 3.7316,
	2.31782 3.7288,
	2.34347 3.72158,
	2.36912 3.71597,
	2.38194 3.71237,
	2.39476 3.70555,
	2.39797 3.70355,
	2.41039 3.69073,
	2.4164 3.68431,
	2.41961 3.68111,
	2.42282 3.6787,
	2.42402 3.6771,
	2.44966 3.66789,
	2.46249 3.66187,
	2.4689 3.65827,
	2.48172 3.64665,
	2.50737 3.6214,
	2.51378 3.61499,
	2.51899 3.60858,
	2.52821 3.59575,
	2.53021 3.59255,
	2.53262 3.58614,
	2.53863 3.57331,
	2.54223 3.56049,
	2.54424 3.55408,
	2.55626 3.52843,
	2.55946 3.52202,
	2.56988 3.5092,
	2.5771 3.49637,
	2.58231 3.48996,
	2.59473 3.47754,
	2.60755 3.46712,
	2.61396 3.46111,
	2.61917 3.4547,
	2.62198 3.45149,
	2.62839 3.44708,
	2.6348 3.44428,
	2.63801 3.44348,
	2.65083 3.44227,
	2.66365 3.44187,
	2.67007 3.44107,
	2.67327 3.44067,
	2.67488 3.44067,
	2.68129 3.43787,
	2.68449 3.43706,
	2.6909 3.43386,
	2.69732 3.42985,
	2.70373 3.42705,
	2.71655 3.41903,
	2.71815 3.41863,
	2.73098 3.40941,
	2.73418 3.40821,
	2.73498 3.40661,
	2.73819 3.40501,
	2.73979 3.40461,
	2.74621 3.4002,
	2.74781 3.39899,
	2.75101 3.39779,
	2.75743 3.39379,
	2.76063 3.39178,
	2.76223 3.39098,
	2.76384 3.38938,
	2.77666 3.38417,
	2.78948 3.37776,
	2.7959 3.37335,
	2.7991 3.37175,
	2.80231 3.37134,
	2.80551 3.37175,
	2.81192 3.37736,
	2.81353 3.38056,
	2.81433 3.38377,
	2.81393 3.39018,
	2.81313 3.39338,
	2.81032 3.3998,
	2.80551 3.40621,
	2.80311 3.40941,
	2.7967 3.41502,
	2.78868 3.42785,
	2.77866 3.44067,
	2.76945 3.45349,
	2.76103 3.46632,
	2.74821 3.49196,
	2.7418 3.50479,
	2.73418 3.51761,
	2.72937 3.52402,
	2.71575 3.54967,
	2.71415 3.55288,
	2.70934 3.55929,
	2.6873 3.58493,
	2.67688 3.59776,
	2.66005 3.6234,
	2.65203 3.63623,
	2.64722 3.64264,
	2.64482 3.64584,
	2.62118 3.67149,
	2.60835 3.68431,
	2.59553 3.69634,
	2.59232 3.69954,
	2.5795 3.70956,
	2.56668 3.71798,
	2.55385 3.72519,
	2.50256 3.76005,
	2.48974 3.76847,
	2.48333 3.77288,
	2.4705 3.7845,
	2.46409 3.79011,
	2.45768 3.79652,
	2.44886 3.80934,
	2.44686 3.81255,
	2.44606 3.81415,
	2.43323 3.82297,
	2.42682 3.82738,
	2.414 3.83459,
	2.41079 3.83659,
	2.40438 3.8382,
	2.39156 3.84421,
	2.37874 3.84861,
	2.37232 3.85142,
	2.36912 3.85302,
	2.35629 3.85703,
	2.35309 3.85823,
	2.34668 3.85943,
	2.34027 3.86224,
	2.33706 3.86304,
	2.31141 3.87546,
	2.29859 3.88228,
	2.29218 3.88628,
	2.28577 3.88949,
	2.28416 3.89029,
	2.28256 3.89029,
	2.27615 3.8943,
	2.27455 3.8947,
	2.26172 3.90432,
	2.25531 3.90993,
	2.2521 3.91313,
	2.23928 3.92235,
	2.22646 3.92756,
	2.21363 3.93197,
	2.20081 3.93397,
	2.18799 3.93998,
	2.18478 3.94118,
	2.17196 3.95,
	2.16555 3.95441,
	2.16234 3.95681,
	2.14952 3.96322,
	2.14311 3.96603,
	2.09181 3.98126,
	2.08861 3.98206,
	2.08219 3.98486,
	2.06937 3.99208,
	2.06617 3.99408,
	2.05535 4.0065,
	2.04533 4.01933,
	2.04132 4.02574,
	2.04012 4.02734,
	2.03972 4.02894,
	2.0285 4.04177,
	2.02689 4.04337,
	2.02609 4.04497,
	2.02569 4.04818,
	2.02369 4.05138,
	2.00365 4.07703,
	1.99884 4.08344,
	1.99484 4.08985,
	1.99323 4.09306,
	1.98842 4.09947,
	1.98642 4.10268,
	1.98562 4.10428,
	1.9744 4.1171,
	1.96919 4.12352,
	1.96318 4.12993,
	1.95997 4.13193,
	1.93433 4.14275,
	1.9215 4.14836,
	1.89586 4.15678,
	1.88303 4.15838,
	1.87662 4.15878,
	1.82533 4.15597,
	1.8125 4.15397,
	1.76121 4.14355,
	1.73556 4.13954,
	1.70992 4.13914,
	1.69709 4.13914,
	1.69068 4.13914,
	1.68908 4.13954,
	1.68788 4.14115,
	1.68707 4.14155,
	1.68066 4.13995,
	1.67746 4.13874,
	1.67585 4.13834,
	1.67746 4.13754,
	1.67826 4.13674,
	1.67185 4.13233,
	1.66904 4.13033,
	1.66744 4.12712,
	1.66664 4.12552,
	1.66664 4.12231,
	1.66664 4.12151,
	"/>
</Transform>

<Transform dim="0"
 xcoef=" 0 1 0 0 0 0"
 ycoef=" 0 0 1 0 0 0">
<Contour name="d01ax17_DDH" comment="DDH_traced_24july2018" hidden="false" closed="true" simplified="false" border="0 1 0" fill="1 0 0.501961" mode="-9"
 points="2.60969 3.38233,
	2.60969 3.36873,
	2.62329 3.36873,
	2.62329 3.35513,
	2.63688 3.35513,
	2.63688 3.36873,
	2.65048 3.36873,
	2.65048 3.38233,
	2.63688 3.38233,
	2.63688 3.39592,
	2.62329 3.39592,
	2.62329 3.38233,
	"/>
</Transform>

<Transform dim="0"
 xcoef=" 0 1 0 0 0 0"
 ycoef=" 0 0 1 0 0 0">
<Contour name="d01ax18_DDH" comment="DDH_traced_24july2018" hidden="false" closed="true" simplified="false" border="0 1 0" fill="1 0 0.501961" mode="-9"
 points="-0.0779126 4.92502,
	-0.0779126 4.91447,
	-0.0673639 4.91447,
	-0.0673639 4.90392,
	-0.0568152 4.90392,
	-0.0568152 4.91447,
	-0.0462665 4.91447,
	-0.0462665 4.92502,
	-0.0568152 4.92502,
	-0.0568152 4.93557,
	-0.0673639 4.93557,
	-0.0673639 4.92502,
	"/>
</Transform>

<Transform dim="0"
 xcoef=" 0 1 0 0 0 0"
 ycoef=" 0 0 1 0 0 0">
<Contour name="d01ax20_DDH" comment="DDH_traced_24july2018" hidden="false" closed="true" simplified="false" border="0 1 0" fill="1 0 0.501961" mode="-9"
 points="7.09162 0.918486,
	7.09162 0.905317,
	7.10479 0.905317,
	7.10479 0.892149,
	7.11796 0.892149,
	7.11796 0.905317,
	7.13113 0.905317,
	7.13113 0.918486,
	7.11796 0.918486,
	7.11796 0.931654,
	7.10479 0.931654,
	7.10479 0.918486,
	"/>
</Transform>

<Transform dim="0"
 xcoef=" 0 1 0 0 0 0"
 ycoef=" 0 0 1 0 0 0">
<Contour name="d01ax25_DDH" comment="DDH_traced_26july2018" hidden="false" closed="true" simplified="false" border="0 1 0" fill="1 0 0.501961" mode="-9"
 points="10.8996 0.401603,
	10.8996 0.383583,
	10.9177 0.383583,
	10.9177 0.365563,
	10.9357 0.365563,
	10.9357 0.383583,
	10.9537 0.383583,
	10.9537 0.401603,
	10.9357 0.401603,
	10.9357 0.419623,
	10.9177 0.419623,
	10.9177 0.401603,
	"/>
</Transform>

<Transform dim="0"
 xcoef=" 0 1 0 0 0 0"
 ycoef=" 0 0 1 0 0 0">
<Contour name="d01ax48_DDH" comment="DDH_traced_24sep2018" hidden="false" closed="true" simplified="false" border="0 1 0" fill="1 0 0.502" mode="-9"
 points="2.286 5.55073,
	2.286 5.53785,
	2.29888 5.53785,
	2.29888 5.52497,
	2.31176 5.52497,
	2.31176 5.53785,
	2.32464 5.53785,
	2.32464 5.55073,
	2.31176 5.55073,
	2.31176 5.56361,
	2.29888 5.56361,
	2.29888 5.55073,
	"/>
</Transform>

<Transform dim="0"
 xcoef=" 0 1 0 0 0 0"
 ycoef=" 0 0 1 0 0 0">
<Contour name="ddh_d01ax17" comment="traced 2018-10-29 after previously stamping" hidden="false" closed="true" simplified="true" border="0.501961 1 0.501961" fill="0.501961 1 0.501961" mode="11"
 points="2.52549 3.38266,
	2.52711 3.37943,
	2.52711 3.37782,
	2.53357 3.37298,
	2.54002 3.36975,
	2.54486 3.36329,
	2.55132 3.35764,
	2.55455 3.35522,
	2.55616 3.35522,
	2.55859 3.3528,
	2.58441 3.34553,
	2.61024 3.34473,
	2.63607 3.3423,
	2.64898 3.3415,
	2.6619 3.3423,
	2.67481 3.34553,
	2.68773 3.35038,
	2.68934 3.35038,
	2.6958 3.35441,
	2.70225 3.35683,
	2.70871 3.36087,
	2.71517 3.36329,
	2.72163 3.3641,
	2.72808 3.36652,
	2.73454 3.37055,
	2.73777 3.37378,
	2.73777 3.38024,
	2.73454 3.3867,
	2.72808 3.39235,
	2.70225 3.40768,
	2.68934 3.41495,
	2.67643 3.41898,
	2.66997 3.4214,
	2.64414 3.42544,
	2.61831 3.42625,
	2.59249 3.42382,
	2.58603 3.42302,
	2.57311 3.41817,
	2.5602 3.41091,
	2.55374 3.40607,
	2.54729 3.40365,
	2.54406 3.40203,
	2.54244 3.40042,
	2.53922 3.39961,
	2.5376 3.398,
	2.53437 3.39719,
	2.52792 3.39235,
	2.52549 3.38912,
	2.52549 3.38347,
	"/>
</Transform>

<Transform dim="0"
 xcoef=" 0 1 0 0 0 0"
 ycoef=" 0 0 1 0 0 0">
<Contour name="ddh_d01ax18" comment="traced 2018-10-30 after previously stamping" hidden="false" closed="true" simplified="true" border="0.501961 1 0.501961" fill="0.501961 1 0.501961" mode="11"
 points="-0.126071 4.97281,
	-0.125488 4.96814,
	-0.125488 4.96581,
	-0.12432 4.96347,
	-0.123737 4.9588,
	-0.121986 4.95413,
	-0.120818 4.9518,
	-0.119651 4.95063,
	-0.119067 4.9483,
	-0.113814 4.93896,
	-0.112063 4.93429,
	-0.11148 4.92495,
	-0.112063 4.91561,
	-0.112063 4.91328,
	-0.113814 4.90861,
	-0.114398 4.89927,
	-0.113814 4.8946,
	-0.109145 4.88526,
	-0.10681 4.88059,
	-0.105643 4.87826,
	-0.105643 4.87709,
	-0.100974 4.87417,
	-0.0986391 4.87242,
	-0.0963044 4.87184,
	-0.0939698 4.87009,
	-0.0752926 4.8625,
	-0.0659539 4.85958,
	-0.0612846 4.85725,
	-0.0601173 4.85725,
	-0.05895 4.85608,
	-0.0566153 4.85549,
	-0.055448 4.85549,
	-0.0548643 4.85433,
	-0.0461094 4.85024,
	-0.0414401 4.84732,
	-0.0227629 4.83215,
	-0.0186772 4.82923,
	-0.0163426 4.82748,
	-0.00700396 4.82456,
	0.0116733 4.82164,
	0.0490277 4.82339,
	0.053697 4.82398,
	0.0583663 4.82631,
	0.0630356 4.82689,
	0.0677049 4.82865,
	0.0700396 4.82981,
	0.0712069 4.82981,
	0.0735416 4.83156,
	0.0828802 4.83565,
	0.0904678 4.84265,
	0.0933861 4.85199,
	0.0922188 4.86133,
	0.0916351 4.866,
	0.0881331 4.87534,
	0.0857985 4.88001,
	0.0822965 4.88468,
	0.0770435 4.89343,
	0.062452 4.91094,
	0.05895 4.91503,
	0.0408564 4.92845,
	0.0385218 4.93079,
	0.0338525 4.93312,
	0.0315178 4.93546,
	0.0227629 4.94129,
	0.0186772 4.94363,
	0.0175099 4.94479,
	0.0163426 4.94479,
	0.0157589 4.94596,
	0.0145916 4.94596,
	0.00583663 4.95238,
	-0.00875495 4.96814,
	-0.0122569 4.97223,
	-0.0169262 4.97631,
	-0.0186772 4.97865,
	-0.0274322 4.98507,
	-0.0361871 4.98974,
	-0.0373544 4.98974,
	-0.0420238 4.99266,
	-0.0443584 4.99382,
	-0.0455257 4.99382,
	-0.0478604 4.99557,
	-0.0525297 4.99674,
	-0.0548643 4.99791,
	-0.0560317 4.99791,
	-0.0583663 4.99966,
	-0.0770435 5.00608,
	-0.0817128 5.00783,
	-0.0828802 5.009,
	-0.0875495 5.01016,
	-0.0887168 5.01016,
	-0.0904678 5.01192,
	-0.0916351 5.01192,
	-0.0939698 5.01367,
	-0.103308 5.01367,
	-0.112647 5.01192,
	-0.117316 5.01016,
	-0.121986 5.00608,
	-0.124904 5.00141,
	-0.126071 4.99207,
	-0.126071 4.97339,
	"/>
</Transform>

<Transform dim="0"
 xcoef=" 0 1 0 0 0 0"
 ycoef=" 0 0 1 0 0 0">
<Contour name="ddh_d01ax20" comment="traced 2018-11-09 after previously stamping" hidden="false" closed="true" simplified="true" border="0.501961 1 0.501961" fill="0.501961 1 0.501961" mode="11"
 points="7.02215 0.937573,
	7.02279 0.932428,
	7.02729 0.922139,
	7.02858 0.919567,
	7.02986 0.918281,
	7.02986 0.916995,
	7.03437 0.91185,
	7.0408 0.901562,
	7.04273 0.891273,
	7.04337 0.880984,
	7.0453 0.879055,
	7.0453 0.877769,
	7.04916 0.872624,
	7.04916 0.871338,
	7.05816 0.861049,
	7.07874 0.846902,
	7.08903 0.841758,
	7.09931 0.833398,
	7.1096 0.826967,
	7.11218 0.825038,
	7.11475 0.824395,
	7.11989 0.82118,
	7.12246 0.819251,
	7.12504 0.818608,
	7.12632 0.817321,
	7.13147 0.815392,
	7.13661 0.812177,
	7.13918 0.810248,
	7.14047 0.810248,
	7.14176 0.808962,
	7.1469 0.807676,
	7.14947 0.807033,
	7.15012 0.805747,
	7.15526 0.805103,
	7.1604 0.803174,
	7.17069 0.802531,
	7.18098 0.803817,
	7.18613 0.805747,
	7.19642 0.814106,
	7.20156 0.818608,
	7.20863 0.828896,
	7.21185 0.834041,
	7.21635 0.84433,
	7.21828 0.849474,
	7.22214 0.854619,
	7.22278 0.857191,
	7.22664 0.862335,
	7.23757 0.88227,
	7.24014 0.892559,
	7.24079 0.902848,
	7.24079 0.90542,
	7.235 0.915709,
	7.22471 0.925355,
	7.21635 0.935643,
	7.21314 0.940788,
	7.21121 0.94336,
	7.21121 0.944646,
	7.2067 0.949791,
	7.20027 0.960079,
	7.19642 0.965224,
	7.19127 0.969725,
	7.1887 0.972297,
	7.17841 0.978085,
	7.17327 0.980014,
	7.15269 0.992875,
	7.1424 0.999306,
	7.13211 1.00445,
	7.12182 1.01088,
	7.10124 1.01474,
	7.09096 1.01538,
	7.08581 1.01667,
	7.06523 1.01603,
	7.05494 1.01474,
	7.04466 1.01152,
	7.03951 1.00895,
	7.03437 1.00445,
	7.03179 1.00188,
	7.02858 0.996734,
	7.02536 0.976156,
	7.02343 0.955578,
	7.02215 0.945289,
	7.02215 0.940145,
	7.02215 0.938216,
	"/>
</Transform>

</Section>