<?xml version="1.0"?>
<!DOCTYPE Section SYSTEM "section.dtd">

<Section index="210" thickness="0.062" alignLocked="true">
<Transform dim="0"
 xcoef=" 0 1 0 0 0 0"
 ycoef=" 0 0 1 0 0 0">
<Contour name="d05" hidden="false" closed="true" simplified="true" border="1 1 0" fill="1 1 0" mode="9"
 points="4.47923 2.82354,
	4.53097 2.78289,
	4.55315 2.76071,
	4.58271 2.73484,
	4.63076 2.69789,
	4.66032 2.67571,
	4.70837 2.61658,
	4.73424 2.59071,
	4.7638 2.57223,
	4.77489 2.56115,
	4.78228 2.56115,
	4.79707 2.55006,
	4.80446 2.54267,
	4.81185 2.54267,
	4.83772 2.52049,
	4.89685 2.48723,
	4.90424 2.48723,
	4.91533 2.47614,
	4.97446 2.45766,
	4.98185 2.45766,
	4.98924 2.45027,
	4.99664 2.45027,
	5.00403 2.44288,
	5.01142 2.44288,
	5.01881 2.43549,
	5.07794 2.4281,
	5.10751 2.42071,
	5.13707 2.42071,
	5.16664 2.41332,
	5.2849 2.40592,
	5.40317 2.40592,
	5.4623 2.39484,
	5.49186 2.39114,
	5.50665 2.38375,
	5.56578 2.38005,
	5.59165 2.40592,
	5.60274 2.43549,
	5.59904 2.49462,
	5.59904 2.50201,
	5.59165 2.50571,
	5.58795 2.52049,
	5.5473 2.57962,
	5.53621 2.60919,
	5.49556 2.66093,
	5.47339 2.6868,
	5.44382 2.71637,
	5.38838 2.76441,
	5.3699 2.79398,
	5.32186 2.84572,
	5.26642 2.88637,
	5.20729 2.91224,
	5.14816 2.92333,
	5.11859 2.92702,
	5.10381 2.93441,
	5.07425 2.93811,
	5.05946 2.9492,
	5.00033 2.97137,
	4.98555 2.97137,
	4.95598 2.98246,
	4.89685 2.98985,
	4.86728 2.99724,
	4.63076 2.98615,
	4.60119 2.97507,
	4.58641 2.97137,
	4.55684 2.95289,
	4.53467 2.93072,
	4.51619 2.90115,
	4.49032 2.87528,
	4.47923 2.84572,
	4.47923 2.83093,
	4.47923 2.82724,
	"/>
</Transform>

<Transform dim="0"
 xcoef=" 0 1 0 0 0 0"
 ycoef=" 0 0 1 0 0 0">
<Contour name="d10" hidden="false" closed="true" simplified="true" border="0 1 1" fill="0 1 1" mode="9"
 points="6.45161 0.969088,
	6.46956 0.948151,
	6.48152 0.936186,
	6.52938 0.912258,
	6.55331 0.903285,
	6.60116 0.894312,
	6.64902 0.879357,
	6.67295 0.876366,
	6.7208 0.855429,
	6.73277 0.852438,
	6.73875 0.852438,
	6.74473 0.864402,
	6.74473 0.870384,
	6.75669 0.873375,
	6.7537 0.921231,
	6.76866 0.936186,
	6.77464 0.936186,
	6.79558 0.954133,
	6.81352 0.978061,
	6.8225 0.990025,
	6.82848 0.996007,
	6.82549 1.01993,
	6.7896 1.0648,
	6.74772 1.10967,
	6.72977 1.1306,
	6.71781 1.13958,
	6.71183 1.14556,
	6.70585 1.14556,
	6.68192 1.16051,
	6.63406 1.15752,
	6.61013 1.14855,
	6.56228 1.14556,
	6.53835 1.14257,
	6.52639 1.13958,
	6.51442 1.12761,
	6.4875 1.07975,
	6.4546 1.0319,
	6.45161 0.984043,
	6.45161 0.972079,
	"/>
</Transform>

<Transform dim="0"
 xcoef=" 0 1 0 0 0 0"
 ycoef=" 0 0 1 0 0 0">
<Contour name="d10" hidden="false" closed="true" simplified="true" border="0 1 1" fill="0 1 1" mode="9"
 points="6.66995 0.595211,
	6.70884 0.550346,
	6.71781 0.538382,
	6.72678 0.514454,
	6.72678 0.418742,
	6.72678 0.406778,
	6.75669 0.361912,
	6.77763 0.337984,
	6.79558 0.320038,
	6.84343 0.290128,
	6.89129 0.272182,
	6.91522 0.263209,
	7.01093 0.260218,
	7.03486 0.254236,
	7.04682 0.251245,
	7.09468 0.218344,
	7.11861 0.209371,
	7.13057 0.209371,
	7.22628 0.182452,
	7.27414 0.173479,
	7.36985 0.173479,
	7.39378 0.170488,
	7.40574 0.170488,
	7.41771 0.164506,
	7.42369 0.164506,
	7.43565 0.155533,
	7.62708 0.158524,
	7.67493 0.161515,
	7.69886 0.164506,
	7.70784 0.161515,
	7.72877 0.185443,
	7.74074 0.194416,
	7.76466 0.197407,
	7.78859 0.194416,
	7.83645 0.173479,
	7.84841 0.167497,
	7.87234 0.167497,
	7.88431 0.170488,
	7.89029 0.170488,
	7.89328 0.182452,
	7.84841 0.221335,
	7.82448 0.242272,
	7.77663 0.269191,
	7.76466 0.272182,
	7.71681 0.320038,
	7.67194 0.358921,
	7.65998 0.364903,
	7.63605 0.388831,
	7.62409 0.397804,
	7.61511 0.421733,
	7.61212 0.433697,
	7.60614 0.439679,
	7.60614 0.487535,
	7.63306 0.5324,
	7.63306 0.538382,
	7.65998 0.586238,
	7.65998 0.610166,
	7.65998 0.62213,
	7.64203 0.669986,
	7.62708 0.690924,
	7.61511 0.699897,
	7.59119 0.70887,
	7.54333 0.73878,
	7.53137 0.744762,
	7.48351 0.750744,
	7.10066 0.747753,
	7.09468 0.747753,
	7.0887 0.753735,
	7.04084 0.762708,
	6.84942 0.765699,
	6.7537 0.762708,
	6.74473 0.750744,
	6.74174 0.726816,
	6.73277 0.702888,
	6.7208 0.690924,
	6.71482 0.681951,
	6.69388 0.661013,
	6.68192 0.65204,
	6.67295 0.628112,
	6.66995 0.604184,
	6.66995 0.598202,
	"/>
</Transform>

<Transform dim="0"
 xcoef=" 0 1 0 0 0 0"
 ycoef=" 0 0 1 0 0 0">
<Contour name="d01" hidden="false" closed="true" simplified="true" border="1 0.5 0" fill="1 0.5 0" mode="9"
 points="6.38156 2.82428,
	6.39353 2.80035,
	6.41746 2.78539,
	6.5132 2.7435,
	6.56107 2.71957,
	6.57303 2.71658,
	6.59697 2.70162,
	6.61791 2.68067,
	6.61791 2.67469,
	6.62689 2.66272,
	6.62689 2.65674,
	6.63586 2.64477,
	6.64484 2.62084,
	6.64783 2.60887,
	6.66578 2.59092,
	6.68972 2.57596,
	6.73459 2.53407,
	6.73759 2.43834,
	6.73759 2.42637,
	6.74357 2.42038,
	6.74357 2.4144,
	6.78545 2.36952,
	6.82734 2.33063,
	6.87222 2.29772,
	6.88418 2.28575,
	6.90214 2.27079,
	6.93804 2.2319,
	6.96197 2.18702,
	6.97394 2.16309,
	7.01882 2.13616,
	7.04275 2.13018,
	7.05472 2.12719,
	7.0607 2.12419,
	7.06968 2.14813,
	7.07865 2.196,
	7.08464 2.21993,
	7.08164 2.22592,
	7.06968 2.21993,
	7.08464 2.2678,
	7.0966 2.29174,
	7.10259 2.33961,
	7.10857 2.36354,
	7.11455 2.37551,
	7.13849 2.39944,
	7.14447 2.41141,
	7.15644 2.41739,
	7.20431 2.41739,
	7.25218 2.42338,
	7.27611 2.43235,
	7.32398 2.46227,
	7.34493 2.47723,
	7.35689 2.4862,
	7.36288 2.49518,
	7.36886 2.49817,
	7.36886 2.50416,
	7.41374 2.53108,
	7.43767 2.54305,
	7.62915 2.54305,
	7.65308 2.54006,
	7.66505 2.54006,
	7.68898 2.53108,
	7.71292 2.51612,
	7.73685 2.50715,
	7.78472 2.50416,
	7.83259 2.49518,
	7.85653 2.4862,
	7.86849 2.48022,
	7.87448 2.47424,
	7.92235 2.46526,
	7.97022 2.46227,
	7.99415 2.46526,
	8.00612 2.47125,
	8.00911 2.47723,
	8.00013 2.4862,
	7.98817 2.4892,
	7.96423 2.50715,
	7.95227 2.51014,
	7.9403 2.51911,
	7.93431 2.51911,
	7.91038 2.53407,
	7.9044 2.54006,
	7.89841 2.54006,
	7.89243 2.54604,
	7.88046 2.54903,
	7.86849 2.55801,
	7.77276 2.58493,
	7.74882 2.59391,
	7.74284 2.59391,
	7.73685 2.59989,
	7.64112 2.60289,
	7.54538 2.59989,
	7.44964 2.60588,
	7.44366 2.61186,
	7.43169 2.61186,
	7.40775 2.62084,
	7.38382 2.62383,
	7.35988 2.63879,
	7.34493 2.65674,
	7.34493 2.66272,
	7.29706 2.70162,
	7.25517 2.7435,
	7.2432 2.75547,
	7.23124 2.76145,
	7.22525 2.76145,
	7.21329 2.77342,
	7.18935 2.78838,
	7.17738 2.80035,
	7.16542 2.80633,
	7.14148 2.82727,
	7.10857 2.86916,
	7.0996 2.89309,
	7.07566 2.91404,
	7.05173 2.926,
	7.04574 2.926,
	7.02181 2.94395,
	6.97394 2.9649,
	6.92607 2.97986,
	6.8782 3.00977,
	6.87222 3.00977,
	6.86623 3.01576,
	6.8423 3.02473,
	6.79443 3.05465,
	6.7705 3.06363,
	6.75853 3.06662,
	6.75254 3.06662,
	6.72861 3.08457,
	6.70468 3.09055,
	6.60894 3.09055,
	6.585 3.09055,
	6.53713 3.06961,
	6.51619 3.04568,
	6.48926 2.99781,
	6.48328 2.97387,
	6.46533 2.94994,
	6.42943 2.91104,
	6.40848 2.89608,
	6.39652 2.88412,
	6.38455 2.86018,
	6.38156 2.83625,
	6.38156 2.82727,
	"/>
</Transform>

<Transform dim="6"
 xcoef=" 0.157216771893531 0.800858741502094 0.135984925170775 0 0 0"
 ycoef=" 0.368391272050513 0.0386303094974256 1.23399253249287 0 0 0">
<Image mag="0.00223486" contrast="1.248" brightness="-0.105" red="true" green="true" blue="true"
 src="XRZCT.210.jpg" />
<Contour name="domain1" hidden="false" closed="true" simplified="false" border="1 0 1" fill="1 0 1" mode="11"
 points="0 0,
	4083 0,
	4083 4083,
	0 4083,
	"/>
</Transform>

<Transform dim="0"
 xcoef=" 0 1 0 0 0 0"
 ycoef=" 0 0 1 0 0 0">
<Contour name="d08" hidden="false" closed="true" simplified="true" border="1 1 0" fill="1 0 0.5" mode="9"
 points="3.87513 5.04829,
	3.90707 5.01636,
	3.97093 4.98443,
	4.09867 4.94451,
	4.16253 4.90459,
	4.19447 4.89661,
	4.20245 4.88863,
	4.21842 4.90459,
	4.21842 5.03233,
	4.21842 5.09619,
	4.21043 5.12813,
	4.14657 5.13611,
	4.0827 5.16006,
	4.01883 5.16006,
	3.8911 5.12014,
	3.86715 5.08821,
	3.86715 5.05628,
	"/>
<Contour name="d08" hidden="false" closed="true" simplified="true" border="1 1 0" fill="1 0 0.5" mode="9"
 points="4.25035 4.85669,
	4.31422 4.79283,
	4.44195 4.73694,
	4.47389 4.72896,
	4.50582 4.70501,
	4.56969 4.70501,
	4.63355 4.68106,
	4.76129 4.66509,
	4.79322 4.65711,
	4.80919 4.64913,
	4.87305 4.68106,
	5.00079 4.68904,
	5.12852 4.76089,
	5.16045 4.78484,
	5.17642 4.81678,
	5.16844 4.88064,
	5.16045 4.89661,
	5.21634 4.95249,
	5.19239 5.01636,
	5.16844 5.04829,
	5.0407 5.12014,
	5.00877 5.13611,
	4.7533 5.17603,
	4.62557 5.18401,
	4.3701 5.16006,
	4.30623 5.16006,
	4.2743 5.14409,
	4.25833 5.14409,
	4.23438 5.10418,
	4.23438 4.97644,
	4.23438 4.91258,
	4.23438 4.88863,
	"/>
</Transform>

<Transform dim="0"
 xcoef=" 0 1 0 0 0 0"
 ycoef=" 0 0 1 0 0 0">
<Contour name="ax11" comment="LK bouton trace named after cfa" hidden="false" closed="true" simplified="true" border="0 1 1" fill="0.502 1 1" mode="11"
 points="1.76055 4.01291,
	1.77065 4.00048,
	1.78308 3.99038,
	1.80795 3.97328,
	1.82038 3.96551,
	1.82348 3.96396,
	1.83592 3.95386,
	1.84213 3.94842,
	1.84524 3.94531,
	1.85767 3.9391,
	1.90739 3.93444,
	1.93226 3.92744,
	1.94469 3.9189,
	1.9509 3.91501,
	1.95401 3.91346,
	1.95945 3.90724,
	1.95945 3.90569,
	1.97887 3.88161,
	1.9913 3.86995,
	2.01617 3.85053,
	2.0286 3.84043,
	2.04103 3.83421,
	2.14048 3.83343,
	2.16534 3.83033,
	2.17777 3.828,
	2.18088 3.828,
	2.20574 3.81557,
	2.21196 3.81168,
	2.2205 3.79925,
	2.22516 3.79303,
	2.22749 3.78993,
	2.22905 3.78837,
	2.22905 3.78526,
	2.23138 3.78216,
	2.23682 3.76973,
	2.24381 3.75729,
	2.24847 3.75186,
	2.2609 3.74331,
	2.28577 3.7301,
	2.2982 3.72544,
	2.30441 3.72389,
	2.32927 3.71301,
	2.33549 3.71145,
	2.3386 3.71068,
	2.36346 3.69669,
	2.38832 3.68038,
	2.41318 3.6594,
	2.42561 3.6493,
	2.45048 3.63687,
	2.45669 3.63298,
	2.4598 3.62988,
	2.46602 3.62599,
	2.51574 3.58637,
	2.52196 3.58326,
	2.53439 3.58015,
	2.5406 3.57782,
	2.55303 3.57627,
	2.56546 3.57627,
	2.5779 3.58481,
	2.588 3.59724,
	2.5911 3.60346,
	2.5911 3.60968,
	2.58955 3.61589,
	2.58411 3.62211,
	2.55925 3.63454,
	2.54682 3.63998,
	2.53439 3.64386,
	2.50952 3.64852,
	2.50331 3.65008,
	2.49709 3.65318,
	2.49088 3.65862,
	2.48155 3.67105,
	2.46912 3.68115,
	2.46602 3.68193,
	2.45436 3.69203,
	2.41241 3.74176,
	2.39998 3.75419,
	2.35025 3.79226,
	2.32539 3.80469,
	2.31296 3.8109,
	2.30674 3.81401,
	2.25702 3.83033,
	2.2508 3.83266,
	2.22594 3.83732,
	2.20108 3.84664,
	2.18865 3.85208,
	2.17622 3.85519,
	2.17 3.85752,
	2.16689 3.85752,
	2.16379 3.85985,
	2.15135 3.86296,
	2.10163 3.86762,
	2.0892 3.8684,
	2.07677 3.87228,
	2.07055 3.87306,
	2.06744 3.87384,
	2.04258 3.89326,
	2.03015 3.90336,
	2.02316 3.91579,
	2.0216 3.9189,
	2.02005 3.94376,
	2.01772 3.95619,
	2.0084 3.98105,
	2.00451 3.98727,
	1.99363 3.9997,
	1.9812 4.01213,
	1.96877 4.02301,
	1.96256 4.02922,
	1.94935 4.05409,
	1.94702 4.06652,
	1.95013 4.07895,
	1.9509 4.08516,
	1.94935 4.09138,
	1.94313 4.09293,
	1.94003 4.09371,
	1.91516 4.08827,
	1.90273 4.08516,
	1.8903 4.07973,
	1.86544 4.06496,
	1.85301 4.05642,
	1.84058 4.0502,
	1.83436 4.04709,
	1.82193 4.04321,
	1.79707 4.0401,
	1.78464 4.03855,
	1.77842 4.03699,
	1.77531 4.03622,
	1.77376 4.03622,
	1.7691 4.03,
	1.76599 4.02689,
	1.76055 4.01446,
	1.76055 4.01369,
	"/>
</Transform>

<Transform dim="0"
 xcoef=" 0 1 0 0 0 0"
 ycoef=" 0 0 1 0 0 0">
<Contour name="d01ax17_DDH" comment="DDH_traced_24july2018" hidden="false" closed="true" simplified="false" border="0 1 0" fill="1 0 0.501961" mode="-9"
 points="2.5672 3.40442,
	2.5672 3.39082,
	2.5808 3.39082,
	2.5808 3.37723,
	2.59439 3.37723,
	2.59439 3.39082,
	2.60799 3.39082,
	2.60799 3.40442,
	2.59439 3.40442,
	2.59439 3.41802,
	2.5808 3.41802,
	2.5808 3.40442,
	"/>
</Transform>

<Transform dim="0"
 xcoef=" 0 1 0 0 0 0"
 ycoef=" 0 0 1 0 0 0">
<Contour name="d01ax18_DDH" comment="DDH_traced_24july2018" hidden="false" closed="true" simplified="false" border="0 1 0" fill="1 0 0.501961" mode="-9"
 points="-0.138568 4.93557,
	-0.138568 4.92502,
	-0.128019 4.92502,
	-0.128019 4.91447,
	-0.11747 4.91447,
	-0.11747 4.92502,
	-0.106922 4.92502,
	-0.106922 4.93557,
	-0.11747 4.93557,
	-0.11747 4.94612,
	-0.128019 4.94612,
	-0.128019 4.93557,
	"/>
</Transform>

<Transform dim="0"
 xcoef=" 0 1 0 0 0 0"
 ycoef=" 0 0 1 0 0 0">
<Contour name="d01ax20_DDH" comment="DDH_traced_24july2018" hidden="false" closed="true" simplified="false" border="0 1 0" fill="1 0 0.501961" mode="-9"
 points="7.15417 0.872396,
	7.15417 0.859228,
	7.16734 0.859228,
	7.16734 0.846059,
	7.18051 0.846059,
	7.18051 0.859228,
	7.19368 0.859228,
	7.19368 0.872396,
	7.18051 0.872396,
	7.18051 0.885565,
	7.16734 0.885565,
	7.16734 0.872396,
	"/>
</Transform>

<Transform dim="0"
 xcoef=" 0 1 0 0 0 0"
 ycoef=" 0 0 1 0 0 0">
<Contour name="d01ax25_DDH" comment="DDH_traced_26july2018" hidden="false" closed="true" simplified="false" border="0 1 0" fill="1 0 0.501961" mode="-9"
 points="10.7802 0.29123,
	10.7802 0.27321,
	10.7983 0.27321,
	10.7983 0.25519,
	10.8163 0.25519,
	10.8163 0.27321,
	10.8343 0.27321,
	10.8343 0.29123,
	10.8163 0.29123,
	10.8163 0.30925,
	10.7983 0.30925,
	10.7983 0.29123,
	"/>
</Transform>

<Transform dim="0"
 xcoef=" 0 1 0 0 0 0"
 ycoef=" 0 0 1 0 0 0">
<Contour name="d01ax48_DDH" comment="DDH_traced_24sep2018" hidden="false" closed="true" simplified="false" border="0 1 0" fill="1 0 0.502" mode="-9"
 points="2.33752 5.60387,
	2.33752 5.59099,
	2.3504 5.59099,
	2.3504 5.57811,
	2.36329 5.57811,
	2.36329 5.59099,
	2.37617 5.59099,
	2.37617 5.60387,
	2.36329 5.60387,
	2.36329 5.61675,
	2.3504 5.61675,
	2.3504 5.60387,
	"/>
</Transform>

<Transform dim="0"
 xcoef=" 0 1 0 0 0 0"
 ycoef=" 0 0 1 0 0 0">
<Contour name="ddh_d01ax17" comment="traced 2018-10-29 after previously stamping" hidden="false" closed="true" simplified="true" border="0.501961 1 0.501961" fill="0.501961 1 0.501961" mode="11"
 points="2.47303 3.40607,
	2.47707 3.39315,
	2.4811 3.3867,
	2.48433 3.38347,
	2.49724 3.3754,
	2.50774 3.3641,
	2.51904 3.35118,
	2.52469 3.34473,
	2.5376 3.33746,
	2.53922 3.33746,
	2.54164 3.33504,
	2.55455 3.3302,
	2.56101 3.32858,
	2.56424 3.32858,
	2.57069 3.32616,
	2.57392 3.32616,
	2.58038 3.32374,
	2.60621 3.32374,
	2.61912 3.32535,
	2.62073 3.32697,
	2.64656 3.33262,
	2.65948 3.33665,
	2.66593 3.33908,
	2.66755 3.34069,
	2.674 3.3423,
	2.67562 3.3423,
	2.67723 3.34392,
	2.70306 3.35199,
	2.72889 3.36248,
	2.73535 3.36652,
	2.73777 3.37298,
	2.73777 3.37943,
	2.73777 3.38105,
	2.73615 3.38266,
	2.73535 3.38589,
	2.7305 3.39154,
	2.72405 3.39477,
	2.72243 3.39638,
	2.7192 3.39719,
	2.69338 3.41252,
	2.66916 3.42786,
	2.65625 3.4319,
	2.64333 3.43432,
	2.61751 3.43512,
	2.59168 3.44077,
	2.57876 3.44319,
	2.55294 3.44239,
	2.54002 3.44077,
	2.53679 3.43916,
	2.53034 3.43835,
	2.52711 3.43674,
	2.51419 3.43674,
	2.50774 3.43593,
	2.50128 3.43351,
	2.49482 3.4327,
	2.48837 3.43028,
	2.48191 3.42544,
	2.47626 3.41898,
	2.47384 3.41252,
	2.47303 3.40687,
	"/>
</Transform>

<Transform dim="0"
 xcoef=" 0 1 0 0 0 0"
 ycoef=" 0 0 1 0 0 0">
<Contour name="ddh_d01ax18" comment="traced 2018-10-30 after previously stamping" hidden="false" closed="true" simplified="true" border="0.501961 1 0.501961" fill="0.501961 1 0.501961" mode="11"
 points="-0.276656 4.98623,
	-0.274905 4.96756,
	-0.273738 4.95822,
	-0.27082 4.95413,
	-0.263232 4.94538,
	-0.255644 4.93779,
	-0.24689 4.93195,
	-0.244555 4.93079,
	-0.243388 4.92962,
	-0.238718 4.92787,
	-0.237551 4.9267,
	-0.236384 4.9267,
	-0.232882 4.92378,
	-0.223543 4.91853,
	-0.219457 4.9162,
	-0.217123 4.91503,
	-0.215955 4.91503,
	-0.215372 4.91386,
	-0.214204 4.91386,
	-0.210119 4.91036,
	-0.207784 4.90977,
	-0.205449 4.90802,
	-0.203115 4.90744,
	-0.201364 4.90569,
	-0.200196 4.90569,
	-0.192025 4.89985,
	-0.18794 4.89635,
	-0.182687 4.8876,
	-0.181519 4.88584,
	-0.181519 4.88468,
	-0.179768 4.88234,
	-0.175683 4.873,
	-0.174515 4.87184,
	-0.171013 4.8625,
	-0.169262 4.85783,
	-0.163426 4.84849,
	-0.160507 4.84382,
	-0.155838 4.83915,
	-0.151752 4.83565,
	-0.150001 4.8339,
	-0.147667 4.83331,
	-0.145916 4.83156,
	-0.143581 4.83098,
	-0.142997 4.82981,
	-0.12432 4.82398,
	-0.119651 4.82281,
	-0.110312 4.82339,
	-0.0729579 4.82981,
	-0.0636193 4.83156,
	-0.0542807 4.83448,
	-0.0449421 4.83623,
	-0.0262648 4.84265,
	-0.0169262 4.84791,
	-0.0122569 4.84966,
	-0.0110896 4.84966,
	-0.00875495 4.85141,
	-0.00817128 4.85258,
	-0.00583663 4.85316,
	-0.00466931 4.85433,
	-0.00350198 4.85433,
	0.00116733 4.85725,
	0.00350198 4.859,
	0.00466931 4.859,
	0.0134243 4.86542,
	0.0221792 4.87417,
	0.0297668 4.88293,
	0.0321015 4.8876,
	0.0326851 4.89693,
	0.0326851 4.89927,
	0.0309341 4.9016,
	0.0303505 4.90394,
	0.0303505 4.90511,
	0.0239302 4.91386,
	0.0198445 4.91736,
	0.0186772 4.91736,
	0.0145916 4.92086,
	-0.00408564 4.92962,
	-0.0064203 4.9302,
	-0.0157589 4.93604,
	-0.0250975 4.94013,
	-0.0297668 4.94188,
	-0.0309341 4.94304,
	-0.0356035 4.94479,
	-0.0367708 4.94479,
	-0.0414401 4.94771,
	-0.0437747 4.9483,
	-0.062452 4.95939,
	-0.0805455 4.97164,
	-0.0852148 4.97631,
	-0.0881331 4.9804,
	-0.0968881 4.98857,
	-0.114398 5.00316,
	-0.122569 5.00841,
	-0.127239 5.01133,
	-0.128406 5.0125,
	-0.129573 5.0125,
	-0.131908 5.01425,
	-0.133075 5.01425,
	-0.133659 5.01542,
	-0.138328 5.016,
	-0.139496 5.01717,
	-0.148834 5.0195,
	-0.158173 5.02359,
	-0.167511 5.02592,
	-0.169846 5.02709,
	-0.188523 5.02826,
	-0.193193 5.02826,
	-0.197862 5.02709,
	-0.216539 5.02651,
	-0.225878 5.02534,
	-0.235216 5.02534,
	-0.237551 5.02476,
	-0.238718 5.02359,
	-0.243388 5.02301,
	-0.245722 5.02301,
	-0.250392 5.02125,
	-0.252726 5.02067,
	-0.257395 5.01717,
	-0.25973 5.01483,
	-0.262065 5.01483,
	-0.266734 5.01133,
	-0.273154 5.00258,
	-0.276073 4.99324,
	-0.276656 4.98857,
	-0.276656 4.98682,
	"/>
</Transform>

<Transform dim="0"
 xcoef=" 0 1 0 0 0 0"
 ycoef=" 0 0 1 0 0 0">
<Contour name="ddh_d01ax20" comment="traced 2018-11-09 after previously stamping" hidden="false" closed="true" simplified="true" border="0.501961 1 0.501961" fill="0.501961 1 0.501961" mode="11"
 points="7.04858 0.897375,
	7.05264 0.886563,
	7.05399 0.88386,
	7.05399 0.882509,
	7.05534 0.881157,
	7.05669 0.875752,
	7.05872 0.873049,
	7.05872 0.871697,
	7.06007 0.870346,
	7.0621 0.86494,
	7.07021 0.854804,
	7.07156 0.854128,
	7.07156 0.852777,
	7.07764 0.841965,
	7.07764 0.840613,
	7.07899 0.839938,
	7.08102 0.834532,
	7.0844 0.829126,
	7.0844 0.827774,
	7.08643 0.825072,
	7.08643 0.82372,
	7.09994 0.804124,
	7.10332 0.798718,
	7.11345 0.791285,
	7.11886 0.78723,
	7.12156 0.78723,
	7.13238 0.783176,
	7.13778 0.781149,
	7.1594 0.776419,
	7.16481 0.775743,
	7.16751 0.774391,
	7.17833 0.77304,
	7.18914 0.769661,
	7.19995 0.76831,
	7.20535 0.766958,
	7.22698 0.767634,
	7.23779 0.767634,
	7.2432 0.767634,
	7.25401 0.770337,
	7.26482 0.771689,
	7.27023 0.771689,
	7.28104 0.774391,
	7.28644 0.775743,
	7.29658 0.7825,
	7.30063 0.786555,
	7.30536 0.796691,
	7.30604 0.802097,
	7.30469 0.812908,
	7.30198 0.82372,
	7.29455 0.845344,
	7.28982 0.866967,
	7.28847 0.86967,
	7.28847 0.871021,
	7.28239 0.881833,
	7.28104 0.884536,
	7.27969 0.885212,
	7.27901 0.887915,
	7.27563 0.892645,
	7.27225 0.903457,
	7.27158 0.90616,
	7.27023 0.907511,
	7.26887 0.912917,
	7.26617 0.918323,
	7.26549 0.921026,
	7.26347 0.923729,
	7.26279 0.926432,
	7.25941 0.931838,
	7.25603 0.935892,
	7.2486 0.946028,
	7.23847 0.956164,
	7.23644 0.958867,
	7.23374 0.960218,
	7.22833 0.964949,
	7.2263 0.966976,
	7.22495 0.966976,
	7.21954 0.97103,
	7.19792 0.978463,
	7.18711 0.98049,
	7.18441 0.98049,
	7.1817 0.981842,
	7.1763 0.982518,
	7.1736 0.982518,
	7.17089 0.983869,
	7.14927 0.983193,
	7.13846 0.983193,
	7.13305 0.983193,
	7.13035 0.983193,
	7.12765 0.981842,
	7.12224 0.981166,
	7.12089 0.981166,
	7.11954 0.979815,
	7.10872 0.975085,
	7.09791 0.969003,
	7.09386 0.965624,
	7.08305 0.957515,
	7.07832 0.953461,
	7.07156 0.944001,
	7.06345 0.93454,
	7.06007 0.92981,
	7.05737 0.927107,
	7.05129 0.916296,
	7.04994 0.91089,
	7.04858 0.908187,
	7.04858 0.898051,
	"/>
</Transform>

</Section>