<?xml version="1.0"?>
<!DOCTYPE Section SYSTEM "section.dtd">

<Section index="201" thickness="0.062" alignLocked="true">
<Transform dim="0"
 xcoef=" 0 1 0 0 0 0"
 ycoef=" 0 0 1 0 0 0">
<Contour name="D06" hidden="false" closed="true" simplified="true" border="0 0 1" fill="0 0 1" mode="13"
 points="-0.0336301 1.58471,
	-0.0296795 1.55348,
	-0.0179381 1.52313,
	0.00126511 1.4945,
	0.0273923 1.4684,
	0.0597118 1.44556,
	0.0973183 1.42661,
	0.139158 1.4121,
	0.184061 1.40241,
	0.230767 1.39783,
	0.27797 1.39849,
	0.324346 1.40436,
	0.368598 1.41529,
	0.409486 1.43095,
	0.445864 1.45093,
	0.476714 1.47465,
	0.501171 1.50145,
	0.518551 1.53059,
	0.528367 1.56124,
	0.530345 1.59255,
	0.524427 1.62364,
	0.510781 1.65364,
	0.489789 1.6817,
	0.462038 1.70705,
	0.428305 1.72898,
	0.389536 1.74686,
	0.346817 1.76021,
	0.301343 1.76863,
	0.254389 1.77191,
	0.207269 1.76994,
	0.161304 1.76278,
	0.11778 1.75064,
	0.0779168 1.73385,
	0.0428308 1.71288,
	0.0135046 1.68832,
	-0.00924036 1.66087,
	-0.0247671 1.63127,
	"/>
<Contour name="D07" hidden="false" closed="true" simplified="true" border="1 0 1" fill="1 0 1" mode="9"
 points="0.0662322 4.09375,
	0.0700117 4.06252,
	0.0812472 4.03214,
	0.0996322 4.00344,
	0.124665 3.97721,
	0.155663 3.95415,
	0.191781 3.93491,
	0.232033 3.91999,
	0.275322 3.90982,
	0.320466 3.90466,
	0.366234 3.90466,
	0.411379 3.90982,
	0.454667 3.91999,
	0.494919 3.93491,
	0.531037 3.95415,
	0.562035 3.97721,
	0.587068 4.00344,
	0.605453 4.03214,
	0.616689 4.06252,
	0.620468 4.09375,
	0.616689 4.12498,
	0.605453 4.15536,
	0.587068 4.18405,
	0.562035 4.21029,
	0.531037 4.23334,
	0.494919 4.25259,
	0.454667 4.26751,
	0.411379 4.27768,
	0.366234 4.28284,
	0.320466 4.28284,
	0.275322 4.27768,
	0.232033 4.26751,
	0.191781 4.25259,
	0.155663 4.23334,
	0.124665 4.21029,
	0.0996322 4.18405,
	0.0812472 4.15536,
	"/>
<Contour name="d02" hidden="false" closed="true" simplified="true" border="1 1 0" fill="1 0 1" mode="11"
 points="5.77908 2.73451,
	5.79631 2.70006,
	5.81353 2.68284,
	5.84798 2.66992,
	5.87813 2.63978,
	5.87813 2.57087,
	5.87813 2.55365,
	5.88674 2.53642,
	5.91689 2.50628,
	6.05469 2.44168,
	6.07191 2.42877,
	6.08053 2.39431,
	6.09775 2.35986,
	6.10636 2.35125,
	6.13651 2.28235,
	6.15373 2.26943,
	6.17096 2.27374,
	6.1968 2.29958,
	6.21402 2.31249,
	6.24847 2.31249,
	6.2657 2.31249,
	6.30015 2.32541,
	6.36905 2.32541,
	6.4035 2.32111,
	6.42073 2.3168,
	6.42934 2.3168,
	6.43795 2.30819,
	6.44656 2.30819,
	6.45518 2.29958,
	6.48963 2.28666,
	6.50685 2.27804,
	6.64465 2.2479,
	6.92026 2.2479,
	6.95471 2.2479,
	6.98916 2.25651,
	7.01069 2.29096,
	7.015 2.35986,
	7.01069 2.39431,
	6.9461 2.44168,
	6.91165 2.4546,
	6.89442 2.45891,
	6.88581 2.45891,
	6.85997 2.48905,
	6.82552 2.51489,
	6.77384 2.57518,
	6.74801 2.60963,
	6.71356 2.63547,
	6.6791 2.65269,
	6.6102 2.66131,
	6.59298 2.66131,
	6.55853 2.68284,
	6.54992 2.69145,
	6.53269 2.69576,
	6.4681 2.74313,
	6.39919 2.78188,
	6.3346 2.81203,
	6.30015 2.84217,
	6.2657 2.8594,
	6.1279 2.88524,
	6.09345 2.88954,
	6.05899 2.90677,
	6.02454 2.94122,
	6.00301 2.97567,
	5.99871 2.99289,
	5.95995 3.06179,
	5.93411 3.09194,
	5.91689 3.10486,
	5.88244 3.10486,
	5.86521 3.09625,
	5.84798 3.07902,
	5.83507 3.01012,
	5.83507 2.97567,
	5.83507 2.95844,
	5.82645 2.94983,
	5.82645 2.94122,
	5.80923 2.92399,
	5.792 2.85509,
	5.77908 2.83787,
	5.77908 2.76896,
	5.77908 2.73882,
	"/>
<Contour name="d04" hidden="false" closed="true" simplified="true" border="1 0 0" fill="1 0 0" mode="9"
 points="1.2146 4.07558,
	1.23917 4.05101,
	1.26726 4.03346,
	1.29534 4.02292,
	1.32342 4.02292,
	1.33746 4.02644,
	1.36555 4.04399,
	1.37257 4.0475,
	1.348 4.07558,
	1.33395 4.07558,
	1.2813 4.11068,
	1.22513 4.11068,
	1.2146 4.10015,
	1.2146 4.08611,
	1.2146 4.07909,
	"/>
<Contour name="d04" hidden="false" closed="true" simplified="true" border="1 0 0" fill="1 0 0" mode="9"
 points="2.50292 3.28925,
	2.52398 3.26117,
	2.55206 3.24361,
	2.55909 3.23659,
	2.67142 3.21904,
	2.67844 3.22255,
	2.68195 3.25064,
	2.68897 3.25064,
	2.69248 3.26468,
	2.68897 3.29276,
	2.68897 3.29978,
	2.67844 3.31382,
	2.65036 3.32435,
	2.53802 3.33489,
	2.52398 3.33137,
	2.50994 3.31733,
	2.50292 3.30329,
	2.50292 3.29276,
	"/>
<Contour name="d04" hidden="false" closed="true" simplified="true" border="1 0 0" fill="1 0 0" mode="9"
 points="0.51603 3.68944,
	0.526561 3.67539,
	0.540602 3.66837,
	0.765268 3.67188,
	0.77931 3.67539,
	0.786331 3.68242,
	0.814414 3.68242,
	0.828456 3.68242,
	0.884622 3.66486,
	0.912705 3.65784,
	0.926747 3.65082,
	0.940789 3.63678,
	0.95132 3.62976,
	0.961851 3.61572,
	0.958341 3.58763,
	0.944299 3.57359,
	0.940789 3.55955,
	0.944299 3.54551,
	0.996955 3.49987,
	1.05312 3.46477,
	1.07769 3.44722,
	1.09525 3.42967,
	1.08472 3.40158,
	1.08823 3.38754,
	1.13386 3.33489,
	1.16194 3.31733,
	1.19003 3.3068,
	1.21811 3.28925,
	1.23215 3.28574,
	1.26024 3.26819,
	1.27428 3.25766,
	1.2813 3.25766,
	1.28832 3.24713,
	1.3164 3.22606,
	1.37257 3.19798,
	1.40065 3.18394,
	1.41469 3.18043,
	1.47086 3.14532,
	1.49894 3.12777,
	1.52703 3.11724,
	1.58319 3.08565,
	1.63585 3.04703,
	1.66393 3.03299,
	1.68851 3.00842,
	1.71659 2.95576,
	1.73414 2.92768,
	1.74818 2.91715,
	1.77627 2.90662,
	1.83243 2.90662,
	1.86051 2.90662,
	1.8886 2.91715,
	1.91668 2.9347,
	1.93774 2.95927,
	1.99391 2.95225,
	2.05008 2.95225,
	2.07465 2.98033,
	2.10273 2.97682,
	2.13082 2.98033,
	2.14135 2.98736,
	2.16241 3.01193,
	2.19049 3.0365,
	2.21858 3.05405,
	2.24666 3.05054,
	2.30283 3.02948,
	2.35899 3.02246,
	2.41516 3.02246,
	2.4292 3.02246,
	2.48186 3.07863,
	2.47835 3.09267,
	2.45377 3.11724,
	2.41516 3.1699,
	2.40463 3.18394,
	2.39761 3.19096,
	2.38005 3.24713,
	2.38005 3.26117,
	2.37303 3.27521,
	2.32038 3.32786,
	2.30634 3.35595,
	2.29581 3.36999,
	2.29229 3.38403,
	2.28176 3.39807,
	2.28176 3.40509,
	2.23262 3.45424,
	2.21156 3.47179,
	2.20102 3.48583,
	2.19049 3.49285,
	2.16241 3.51743,
	2.14837 3.52796,
	2.0922 3.54551,
	2.03604 3.57008,
	1.9237 3.60519,
	1.89562 3.61221,
	1.8886 3.61221,
	1.87456 3.62274,
	1.86051 3.62625,
	1.85349 3.63327,
	1.84647 3.63327,
	1.83945 3.64029,
	1.78329 3.65433,
	1.72712 3.65433,
	1.69904 3.65784,
	1.67095 3.66837,
	1.65691 3.66837,
	1.60074 3.68593,
	1.57266 3.69646,
	1.54458 3.71401,
	1.53756 3.71401,
	1.51298 3.73156,
	1.40065 3.73507,
	1.34449 3.73858,
	1.3164 3.73858,
	1.28832 3.74911,
	1.27428 3.75613,
	1.26726 3.76315,
	1.26024 3.76315,
	1.2497 3.77369,
	1.13737 3.7772,
	0.912705 3.77369,
	0.884622 3.7772,
	0.856539 3.79826,
	0.849518 3.80528,
	0.821435 3.81581,
	0.793352 3.81932,
	0.765268 3.82985,
	0.709102 3.82985,
	0.681019 3.82985,
	0.624852 3.81581,
	0.610811 3.8123,
	0.60379 3.8123,
	0.551134 3.76315,
	0.52305 3.73507,
	0.51603 3.72103,
	0.51603 3.69295,
	"/>
<Contour name="d04" hidden="false" closed="true" simplified="true" border="1 0 0" fill="1 0 0" mode="9"
 points="1.20758 4.57055,
	1.22864 4.54246,
	1.25673 4.5214,
	1.28481 4.50736,
	1.31289 4.48279,
	1.35151 4.42662,
	1.37608 4.40205,
	1.3831 4.39503,
	1.41118 4.39503,
	1.42522 4.39854,
	1.43927 4.40907,
	1.45331 4.41258,
	1.46735 4.42311,
	1.49543 4.43013,
	1.50947 4.44417,
	1.53756 4.45821,
	1.54107 4.4863,
	1.5165 4.54246,
	1.50245 4.55651,
	1.47437 4.57055,
	1.46033 4.57757,
	1.45331 4.58459,
	1.43927 4.5881,
	1.41118 4.60565,
	1.39714 4.61267,
	1.39012 4.61969,
	1.3831 4.61969,
	1.36906 4.63022,
	1.31289 4.63022,
	1.28481 4.63022,
	1.27077 4.63022,
	1.25673 4.6232,
	1.24268 4.60916,
	1.2146 4.59161,
	1.20758 4.58459,
	1.20758 4.57406,
	"/>
<Contour name="d08" hidden="false" closed="true" simplified="true" border="1 1 0" fill="1 0 0.5" mode="9"
 points="4.57855 4.90321,
	4.58094 4.89366,
	4.6072 4.85546,
	4.64301 4.81727,
	4.6621 4.80056,
	4.67643 4.78624,
	4.69552 4.77669,
	4.7003 4.77191,
	4.70507 4.77191,
	4.70746 4.76714,
	4.71701 4.76475,
	4.72656 4.75759,
	4.76475 4.75759,
	4.78385 4.75759,
	4.80295 4.75282,
	4.81249 4.75282,
	4.85069 4.73849,
	4.92708 4.72894,
	5.00347 4.72894,
	5.00824 4.72894,
	5.02734 4.74327,
	5.03689 4.74804,
	5.06792 4.78385,
	5.08702 4.79101,
	5.16341 4.7934,
	5.1825 4.7934,
	5.19205 4.79817,
	5.22786 4.8292,
	5.24696 4.8483,
	5.25173 4.85785,
	5.27083 4.87456,
	5.28992 4.87695,
	5.30902 4.88411,
	5.34722 4.90798,
	5.35676 4.91753,
	5.36393 4.93663,
	5.36631 4.97482,
	5.36631 4.99392,
	5.36631 5.00347,
	5.35915 5.01302,
	5.35676 5.02256,
	5.33051 5.06076,
	5.3138 5.09895,
	5.28992 5.13476,
	5.27321 5.15386,
	5.26605 5.17295,
	5.26367 5.19205,
	5.26128 5.2016,
	5.20876 5.27799,
	5.19683 5.29709,
	5.18728 5.30425,
	5.11089 5.30186,
	5.0345 5.28038,
	4.9963 5.26844,
	4.97721 5.26367,
	4.96766 5.25889,
	4.94856 5.2565,
	4.91037 5.24218,
	4.89127 5.23263,
	4.88172 5.22547,
	4.87217 5.22308,
	4.8674 5.21831,
	4.79101 5.19683,
	4.75282 5.18728,
	4.71462 5.17295,
	4.70985 5.16818,
	4.7003 5.16579,
	4.69075 5.15863,
	4.6812 5.15624,
	4.66449 5.14192,
	4.65494 5.13715,
	4.63823 5.11805,
	4.62152 5.10373,
	4.61675 5.10373,
	4.60959 5.09418,
	4.6072 5.07508,
	4.60481 5.06553,
	4.60481 5.06076,
	4.59765 5.05121,
	4.58572 5.01302,
	4.57855 4.93663,
	4.57855 4.91753,
	4.57855 4.90798,
	4.57855 4.90559,
	"/>
<Contour name="d10" hidden="false" closed="true" simplified="true" border="0 1 1" fill="0 1 1" mode="9"
 points="6.70286 0.774672,
	6.71482 0.750744,
	6.73576 0.729807,
	6.78361 0.696906,
	6.79558 0.693915,
	6.81951 0.67896,
	6.86736 0.664004,
	6.89129 0.661013,
	6.90325 0.661013,
	6.92718 0.646058,
	6.93316 0.643067,
	6.93017 0.619139,
	6.91223 0.595211,
	6.90325 0.583247,
	6.89727 0.559319,
	6.87334 0.538382,
	6.8554 0.517445,
	6.85839 0.493517,
	6.8883 0.448652,
	6.90026 0.424724,
	6.93316 0.388831,
	6.98102 0.346957,
	7.02888 0.320038,
	7.0528 0.314056,
	7.14852 0.314056,
	7.17244 0.311065,
	7.18441 0.311065,
	7.20834 0.302092,
	7.23226 0.299101,
	7.24423 0.293119,
	7.29209 0.287137,
	7.33994 0.287137,
	7.36387 0.284146,
	7.3878 0.272182,
	7.39378 0.272182,
	7.39976 0.2662,
	7.49547 0.257227,
	7.54333 0.254236,
	7.56726 0.248254,
	7.61511 0.248254,
	7.63904 0.251245,
	7.66297 0.260218,
	7.67493 0.2662,
	7.72279 0.269191,
	7.74672 0.269191,
	7.79457 0.251245,
	7.84243 0.257227,
	7.8873 0.287137,
	7.91122 0.302092,
	7.91422 0.32602,
	7.88131 0.370885,
	7.86038 0.394813,
	7.84841 0.406778,
	7.83645 0.41276,
	7.81252 0.41276,
	7.80056 0.41276,
	7.77962 0.430706,
	7.74672 0.478562,
	7.74373 0.50249,
	7.74672 0.526418,
	7.74672 0.538382,
	7.7527 0.550346,
	7.7527 0.574274,
	7.7198 0.62213,
	7.70185 0.646058,
	7.69288 0.658022,
	7.6869 0.664004,
	7.67793 0.687933,
	7.67793 0.699897,
	7.69288 0.723825,
	7.71382 0.741771,
	7.72279 0.753735,
	7.72279 0.777663,
	7.72279 0.789627,
	7.7198 0.795609,
	7.67194 0.795609,
	7.65998 0.7986,
	7.63904 0.813555,
	7.61511 0.822528,
	7.60315 0.825519,
	7.59717 0.831501,
	7.54931 0.840474,
	7.4536 0.840474,
	7.44164 0.840474,
	7.39677 0.876366,
	7.35191 0.906276,
	7.30704 0.942168,
	7.29807 0.954133,
	7.27713 0.969088,
	7.19039 1.05882,
	7.17843 1.0648,
	7.16646 1.07676,
	7.11861 1.07377,
	7.02289 1.0319,
	6.99897 1.01993,
	6.987 1.01096,
	6.98102 1.01096,
	6.96906 0.998998,
	6.95709 0.996007,
	6.95111 0.990025,
	6.90325 0.97507,
	6.8554 0.951142,
	6.84942 0.945159,
	6.84343 0.945159,
	6.83147 0.936186,
	6.82549 0.930204,
	6.81951 0.930204,
	6.81352 0.924222,
	6.80754 0.924222,
	6.78361 0.909267,
	6.75969 0.88833,
	6.72678 0.843465,
	6.71781 0.819537,
	6.70286 0.795609,
	6.70286 0.783645,
	6.70286 0.777663,
	"/>
<Contour name="d05" hidden="false" closed="true" simplified="true" border="1 1 0" fill="1 1 0" mode="9"
 points="4.44597 3.0342,
	4.48662 2.97507,
	4.54576 2.94181,
	4.57532 2.92702,
	4.67511 2.83093,
	4.73054 2.79028,
	4.75272 2.76441,
	4.78228 2.74224,
	4.80815 2.73115,
	4.81185 2.72376,
	4.87098 2.71267,
	4.88576 2.71267,
	4.91533 2.70158,
	4.9449 2.69789,
	4.97446 2.6868,
	5.21099 2.66093,
	5.32925 2.64984,
	5.38838 2.67571,
	5.44752 2.71267,
	5.4623 2.71637,
	5.46969 2.72376,
	5.49926 2.73115,
	5.51404 2.73484,
	5.52143 2.74224,
	5.551 2.74963,
	5.58056 2.76441,
	5.6323 2.80876,
	5.6323 2.82354,
	5.61382 2.85311,
	5.55839 2.89376,
	5.52882 2.91594,
	5.50665 2.9455,
	5.49926 2.96028,
	5.44012 3.00094,
	5.41425 3.0305,
	5.40686 3.04159,
	5.35512 3.09333,
	5.33295 3.1229,
	5.31077 3.14507,
	5.30338 3.15985,
	5.24795 3.20051,
	5.18881 3.23377,
	5.17403 3.24116,
	5.16664 3.24855,
	5.15186 3.25225,
	5.14446 3.25964,
	5.13707 3.25964,
	5.10751 3.27812,
	5.07794 3.28551,
	5.06316 3.2929,
	5.04838 3.2929,
	5.04098 3.30029,
	4.98185 3.31138,
	4.74533 3.31508,
	4.68619 3.31138,
	4.65663 3.30399,
	4.64184 3.30029,
	4.61228 3.27812,
	4.60489 3.27812,
	4.54945 3.24116,
	4.51989 3.22268,
	4.51249 3.22268,
	4.48662 3.2042,
	4.46445 3.17833,
	4.45336 3.16355,
	4.44597 3.10442,
	4.44597 3.04529,
	4.44597 3.0379,
	"/>
<Contour name="D11" hidden="false" closed="true" simplified="true" border="1 0.5 0" fill="1 0.5 0" mode="13"
 points="4.02122 4.24927,
	4.02875 4.18722,
	4.0509 4.12892,
	4.08633 4.0779,
	4.1329 4.03722,
	4.18779 4.00935,
	4.24768 3.99598,
	4.30897 3.9979,
	4.36795 4.01501,
	4.42105 4.04627,
	4.46507 4.08979,
	4.49735 4.14295,
	4.51594 4.20253,
	4.51972 4.26493,
	4.50845 4.32638,
	4.48282 4.38318,
	4.44438 4.43189,
	4.39545 4.46956,
	4.33898 4.49393,
	4.27839 4.50352,
	4.21733 4.49776,
	4.1595 4.47698,
	4.10838 4.44244,
	4.06707 4.39624,
	4.03807 4.34116,
	"/>
<Contour name="D13" hidden="false" closed="true" simplified="true" border="1 0 0.5" fill="1 0 0.5" mode="9"
 points="3.34651 1.65839,
	3.35458 1.59738,
	3.37843 1.53913,
	3.41697 1.48627,
	3.46846 1.44118,
	3.53058 1.40592,
	3.60052 1.38206,
	3.67513 1.37069,
	3.75102 1.37233,
	3.82476 1.38689,
	3.89303 1.41372,
	3.95275 1.45161,
	4.0012 1.49884,
	4.0362 1.55329,
	4.05618 1.61248,
	4.06022 1.67375,
	4.04814 1.73433,
	4.0205 1.79147,
	3.97853 1.8426,
	3.92414 1.88541,
	3.85978 1.91795,
	3.78837 1.93877,
	3.71312 1.94691,
	3.63745 1.94201,
	3.56477 1.9243,
	3.49836 1.89457,
	3.44123 1.85417,
	3.39595 1.80491,
	3.36458 1.74904,
	"/>
<Contour name="d11" hidden="false" closed="true" simplified="true" border="0.501961 0 0" fill="1 0.5 0" mode="11"
 points="3.00723 5.00975,
	3.06228 4.97534,
	3.11733 4.95814,
	3.17238 4.92717,
	3.19647 4.89965,
	3.21023 4.87212,
	3.32034 4.78266,
	3.43044 4.70696,
	3.48549 4.66911,
	3.54054 4.63815,
	3.5956 4.6175,
	3.7057 4.61406,
	3.76075 4.61406,
	3.79172 4.66911,
	3.79516 4.68288,
	3.7814 4.73793,
	3.7814 4.75169,
	3.77452 4.76546,
	3.71946 4.81707,
	3.69194 4.83427,
	3.58183 4.879,
	3.56807 4.88588,
	3.52334 4.94093,
	3.49926 4.96846,
	3.46141 5.02351,
	3.4442 5.05104,
	3.38915 5.07512,
	3.3341 5.08545,
	3.11389 5.08889,
	3.08636 5.08889,
	3.05884 5.07857,
	3.01755 5.02351,
	3.01067 5.01663,
	3.01067 5.01319,
	"/>
<Contour name="d13" hidden="false" closed="true" simplified="true" border="1 0 0.5" fill="1 0 0.5" mode="11"
 points="5.47819 1.63862,
	5.58164 1.53182,
	5.63504 1.48343,
	5.64839 1.47175,
	5.67509 1.4584,
	5.68176 1.45506,
	5.70846 1.45006,
	5.72181 1.44672,
	5.77521 1.46007,
	5.8019 1.46675,
	5.9087 1.46675,
	6.01549 1.45673,
	6.02217 1.45673,
	6.0255 1.45673,
	6.03051 1.45173,
	6.04386 1.44839,
	6.09726 1.47175,
	6.11061 1.47843,
	6.2174 1.50512,
	6.2708 1.52014,
	6.29749 1.52515,
	6.32419 1.53349,
	6.33587 1.5435,
	6.33254 1.55685,
	6.31919 1.56353,
	6.31251 1.56686,
	6.28581 1.5702,
	6.27246 1.57187,
	6.25912 1.56853,
	6.25244 1.5652,
	6.19904 1.56686,
	6.14565 1.57354,
	6.1323 1.57521,
	6.0789 1.60191,
	6.03885 1.65363,
	6.02884 1.66698,
	6.02384 1.67366,
	5.99714 1.68534,
	5.97044 1.68367,
	5.94374 1.67866,
	5.93707 1.677,
	5.88367 1.64529,
	5.83027 1.6236,
	5.81692 1.61859,
	5.79022 1.61692,
	5.76353 1.61859,
	5.71013 1.6286,
	5.68343 1.63528,
	5.63003 1.64029,
	5.61668 1.64195,
	5.58999 1.65363,
	5.56329 1.66198,
	5.54994 1.66698,
	5.49654 1.66365,
	5.48987 1.66365,
	5.48653 1.66365,
	5.48152 1.6503,
	5.47985 1.64362,
	5.47819 1.64029,
	"/>
<Contour name="d13" hidden="false" closed="true" simplified="true" border="1 0 0.5" fill="1 0 0.5" mode="11"
 points="1.36607 2.39671,
	1.36981 2.38171,
	1.37169 2.37422,
	1.3998 2.35735,
	1.41479 2.34236,
	1.44477 2.32175,
	1.45227 2.31613,
	1.51223 2.34049,
	1.54221 2.35173,
	1.5572 2.35735,
	1.58344 2.38359,
	1.59843 2.39296,
	1.62654 2.42107,
	1.63216 2.42856,
	1.63591 2.43231,
	1.6434 2.46229,
	1.64715 2.47728,
	1.66589 2.50727,
	1.694 2.5335,
	1.69212 2.54849,
	1.69212 2.55599,
	1.66401 2.58035,
	1.63403 2.59534,
	1.61904 2.60283,
	1.49911 2.60846,
	1.48412 2.60846,
	1.47288 2.59346,
	1.4429 2.56723,
	1.41854 2.53725,
	1.40729 2.52226,
	1.40167 2.51476,
	1.39792 2.51101,
	1.3923 2.48103,
	1.37356 2.42107,
	1.36794 2.40608,
	1.36607 2.39858,
	"/>
<Contour name="d13" hidden="false" closed="true" simplified="true" border="1 0 0.5" fill="1 0 0.5" mode="-11"
 points="0.309184 2.03672,
	0.378372 2.01078,
	0.412966 1.99997,
	0.482154 1.98483,
	0.490803 1.98267,
	0.559991 2.00645,
	0.564315 2.00862,
	0.54918 2.04321,
	0.542694 2.06051,
	0.536208 2.06916,
	0.521073 2.0778,
	0.51891 2.0951,
	0.486479 2.11888,
	0.451885 2.13618,
	0.417291 2.15996,
	0.382696 2.18807,
	0.348102 2.1924,
	0.330805 2.1578,
	0.315671 2.08861,
	0.309184 2.05402,
	0.309184 2.03889,
	"/>
<Contour name="d13p94" hidden="false" closed="true" simplified="false" border="1 0 0" fill="1 0 0" mode="-13"
 points="2.13098 1.76815,
	2.14183 1.75296,
	2.13098 1.73777,
	2.13749 1.73777,
	2.14617 1.75079,
	2.15485 1.73777,
	2.16136 1.73777,
	2.15051 1.75296,
	2.16136 1.76815,
	2.15485 1.76815,
	2.14617 1.75513,
	2.13749 1.76815,
	"/>
<Contour name="d13p95" hidden="false" closed="true" simplified="false" border="1 1 0" fill="1 1 0" mode="-13"
 points="5.22229 1.5961,
	5.22229 1.57009,
	5.19628 1.57009,
	5.19628 1.59285,
	5.19303 1.5961,
	5.19303 1.56684,
	5.22555 1.56684,
	5.22555 1.59936,
	5.19303 1.59936,
	5.19628 1.5961,
	"/>
<Contour name="d13p96" hidden="false" closed="true" simplified="false" border="0 0 1" fill="0 0 1" mode="-13"
 points="4.48076 1.08235,
	4.45969 1.06128,
	4.48076 1.04021,
	4.50183 1.06128,
	"/>
<Contour name="d13" hidden="false" closed="true" simplified="true" border="1 0 0.5" fill="1 0 0.5" mode="-11"
 points="1.57384 1.82438,
	1.686 1.69845,
	1.69977 1.66697,
	1.70961 1.63549,
	1.74699 1.57252,
	1.87292 1.50563,
	1.9044 1.48595,
	1.91227 1.48005,
	1.91424 1.47808,
	1.94572 1.49382,
	1.9772 1.51546,
	2.00081 1.54695,
	2.00868 1.56269,
	2.02246 1.57843,
	2.14839 1.64336,
	2.15626 1.64533,
	2.21922 1.62368,
	2.28218 1.56859,
	2.29596 1.55285,
	2.29989 1.54498,
	2.33137 1.51546,
	2.36286 1.49382,
	2.42582 1.4584,
	2.44156 1.45053,
	2.4573 1.43873,
	2.48682 1.40724,
	2.53797 1.34428,
	2.60094 1.28328,
	2.63242 1.25574,
	2.64816 1.24196,
	2.65603 1.23409,
	2.68751 1.21835,
	2.70325 1.21048,
	2.71112 1.20852,
	2.77409 1.22622,
	2.78983 1.23016,
	2.7977 1.23213,
	2.92363 1.20261,
	2.98659 1.18687,
	3.01807 1.18097,
	3.144 1.13768,
	3.20696 1.11407,
	3.23844 1.1062,
	3.25419 1.1003,
	3.31715 1.09046,
	3.44308 1.118,
	3.47456 1.12588,
	3.60049 1.11997,
	3.72641 1.06685,
	3.78938 1.05701,
	3.85234 1.04324,
	3.86021 1.04127,
	3.86415 1.0393,
	3.88186 1.03536,
	3.8976 1.03536,
	3.91334 1.04127,
	3.92908 1.05504,
	3.94482 1.06094,
	3.9763 1.06094,
	3.9822 1.05898,
	4.01172 1.06094,
	4.13765 1.05307,
	4.20061 1.04717,
	4.20848 1.04717,
	4.23996 1.03143,
	4.2557 1.02749,
	4.27144 1.02749,
	4.30293 1.01175,
	4.3167 0.99798,
	4.32457 0.99011,
	4.33244 0.974369,
	4.36392 0.960596,
	4.37966 0.95666,
	4.39344 0.946822,
	4.39934 0.91534,
	4.40131 0.883858,
	4.41508 0.852377,
	4.42689 0.838603,
	4.45837 0.820895,
	4.48985 0.809089,
	4.55281 0.795316,
	4.61578 0.785478,
	4.61971 0.78351,
	4.63545 0.79138,
	4.65513 0.822862,
	4.66103 0.838603,
	4.663 0.854344,
	4.63349 0.980272,
	4.62365 1.04324,
	4.62365 1.05898,
	4.61774 1.07472,
	4.58823 1.1062,
	4.56659 1.13768,
	4.56462 1.13965,
	4.58233 1.17113,
	4.64529 1.20458,
	4.70825 1.24196,
	4.724 1.2518,
	4.73187 1.25574,
	4.84992 1.38167,
	4.87944 1.41315,
	4.89321 1.42889,
	4.95617 1.46627,
	4.97192 1.47218,
	5.0034 1.49972,
	5.03488 1.50563,
	5.09784 1.50759,
	5.16081 1.51743,
	5.19229 1.5135,
	5.20016 1.51153,
	5.26312 1.53711,
	5.32609 1.57252,
	5.33396 1.57646,
	5.36544 1.60401,
	5.39692 1.62368,
	5.41266 1.63352,
	5.4284 1.64729,
	5.43037 1.65123,
	5.42447 1.66697,
	5.42053 1.67484,
	5.40479 1.67878,
	5.39692 1.67878,
	5.38118 1.66894,
	5.3497 1.6591,
	5.31822 1.64336,
	5.30247 1.63746,
	5.23951 1.63352,
	5.20803 1.63352,
	5.17655 1.63746,
	5.05062 1.67878,
	4.92469 1.73584,
	4.89321 1.74371,
	4.87747 1.74764,
	4.86173 1.75551,
	4.83025 1.78109,
	4.70629 1.90702,
	4.64332 1.96605,
	4.52527 2.09198,
	4.51149 2.10772,
	4.38557 2.2061,
	4.36982 2.2179,
	4.30686 2.23758,
	4.18093 2.25922,
	4.11797 2.2789,
	4.08649 2.2907,
	3.96056 2.32219,
	3.83463 2.34777,
	3.77167 2.3576,
	3.51981 2.41073,
	3.39389 2.43434,
	3.26796 2.46385,
	3.205 2.4796,
	3.17351 2.48747,
	3.14203 2.4914,
	3.07907 2.46779,
	3.0161 2.43828,
	2.98462 2.4245,
	2.92166 2.41466,
	2.89018 2.40876,
	2.88231 2.40679,
	2.75638 2.43041,
	2.74064 2.43237,
	2.61471 2.42057,
	2.55175 2.40679,
	2.52026 2.40089,
	2.4573 2.36941,
	2.42582 2.35957,
	2.36286 2.35367,
	2.34711 2.3517,
	2.31563 2.35564,
	2.25267 2.37728,
	2.22119 2.37138,
	2.17396 2.30841,
	2.14248 2.28087,
	2.13264 2.26513,
	2.12871 2.24938,
	2.12674 2.24151,
	2.12871 2.22577,
	2.11887 2.09985,
	2.12871 1.97392,
	2.14248 1.91095,
	2.14642 1.89521,
	2.14445 1.87947,
	2.14051 1.8716,
	2.12477 1.8598,
	1.99885 1.79093,
	1.93588 1.75945,
	1.9044 1.74764,
	1.88866 1.73977,
	1.85718 1.72993,
	1.79421 1.75158,
	1.76273 1.76338,
	1.69977 1.79487,
	1.64074 1.85783,
	1.60926 1.87554,
	1.60139 1.87947,
	1.59745 1.88144,
	1.58565 1.8657,
	1.57974 1.85783,
	1.57384 1.82635,
	"/>
<Contour name="d13c93a" hidden="false" closed="true" simplified="true" border="1 0 0.5" fill="1 0 0.5" mode="-11"
 points="0.293407 2.10161,
	0.300231 2.06522,
	0.318426 2.07887,
	0.338897 2.11526,
	0.338897 2.13346,
	0.322975 2.14938,
	0.313877 2.1562,
	0.297956 2.11981,
	0.293407 2.11071,
	0.293407 2.10389,
	"/>
<Contour name="d13cfa93a" hidden="false" closed="false" simplified="false" border="1 0 0.5" fill="1 0 0.5" mode="-13"
 points="0.313908 2.14969,
	0.313908 2.12922,
	0.300261 2.06553,
	"/>
<Contour name="d13c94a" hidden="false" closed="true" simplified="true" border="1 0 0" fill="1 0 0" mode="11"
 points="1.34713 2.46166,
	1.35141 2.41599,
	1.35427 2.39316,
	1.36283 2.37032,
	1.36568 2.36462,
	1.38709 2.38745,
	1.38994 2.39316,
	1.39708 2.43882,
	1.40992 2.48449,
	1.41848 2.50732,
	1.4299 2.53015,
	1.45987 2.57582,
	1.467 2.58724,
	1.46986 2.59294,
	1.46843 2.59865,
	1.4456 2.59865,
	1.42277 2.5958,
	1.41135 2.59294,
	1.37425 2.54728,
	1.36568 2.53586,
	1.35998 2.53015,
	1.35569 2.51874,
	1.34713 2.47307,
	1.34713 2.46308,
	"/>
<Contour name="d13cfa94a" hidden="false" closed="false" simplified="false" border="1 0 0" fill="1 0 0" mode="-13"
 points="1.46455 2.59772,
	1.42744 2.57488,
	1.3932 2.52494,
	1.37464 2.46357,
	1.36894 2.37224,
	"/>
<Contour name="d13c96a" hidden="false" closed="true" simplified="true" border="0 0 1" fill="0 0 1" mode="11"
 points="4.48501 0.802318,
	4.4983 0.792351,
	4.52487 0.787368,
	4.55145 0.785707,
	4.56474 0.787368,
	4.56806 0.789029,
	4.54148 0.808962,
	4.5282 0.813946,
	4.50162 0.817268,
	4.48833 0.80564,
	4.48667 0.803979,
	"/>
<Contour name="d13cfa96a" hidden="false" closed="false" simplified="false" border="0 0 1" fill="0 0 1" mode="-13"
 points="4.55488 0.790654,
	4.53827 0.795638,
	4.49176 0.808927,
	"/>
<Contour name="d11p34" hidden="false" closed="true" simplified="false" border="1 0 0" fill="1 0 0" mode="-13"
 points="6.23265 3.77832,
	6.24102 3.76661,
	6.23265 3.75489,
	6.23768 3.75489,
	6.24437 3.76493,
	6.25107 3.75489,
	6.25609 3.75489,
	6.24772 3.76661,
	6.25609 3.77832,
	6.25107 3.77832,
	6.24437 3.76828,
	6.23768 3.77832,
	"/>
<Contour name="d11p35" hidden="false" closed="true" simplified="false" border="1 1 0" fill="1 1 0" mode="-13"
 points="3.59857 4.35516,
	3.59857 4.30948,
	3.5529 4.30948,
	3.5529 4.34945,
	3.54719 4.35516,
	3.54719 4.30377,
	3.60428 4.30377,
	3.60428 4.36087,
	3.54719 4.36087,
	3.5529 4.35516,
	"/>
<Contour name="d11p36" hidden="false" closed="true" simplified="false" border="0 0 1" fill="0 0 1" mode="-13"
 points="3.43023 4.1777,
	3.42057 4.16803,
	3.43023 4.15837,
	3.43989 4.16803,
	"/>
<Contour name="d11" hidden="false" closed="true" simplified="true" border="0.501961 0 0" fill="1 0.5 0" mode="11"
 points="2.83937 4.45932,
	2.84489 4.45518,
	2.85594 4.43309,
	2.86146 4.42205,
	2.8725 4.41376,
	2.91668 4.39029,
	2.96086 4.37787,
	2.9719 4.37511,
	3.00641 4.33231,
	3.01332 4.32127,
	3.02436 4.27709,
	3.03126 4.23292,
	3.03264 4.22739,
	3.05335 4.21497,
	3.07544 4.20531,
	3.09753 4.20116,
	3.11962 4.19978,
	3.13066 4.1984,
	3.13618 4.19978,
	3.13894 4.19978,
	3.14308 4.21083,
	3.14585 4.23292,
	3.14861 4.24396,
	3.14861 4.24948,
	3.14032 4.27157,
	3.13618 4.28261,
	3.11824 4.3047,
	3.09339 4.34888,
	3.08924 4.39306,
	3.08786 4.4041,
	3.0782 4.42619,
	3.0713 4.43723,
	3.06025 4.44551,
	3.05473 4.45104,
	3.03264 4.45932,
	3.01056 4.46484,
	2.99951 4.46898,
	2.98156 4.49107,
	2.9719 4.50212,
	2.92772 4.52006,
	2.90564 4.5242,
	2.89459 4.52696,
	2.88907 4.52834,
	2.84489 4.52144,
	2.82281 4.51178,
	2.81728 4.50902,
	2.81452 4.48693,
	2.81452 4.47589,
	2.82005 4.47312,
	2.82557 4.47312,
	2.82833 4.47312,
	2.83385 4.4676,
	2.83523 4.46484,
	"/>
<Contour name="d11" hidden="false" closed="true" simplified="true" border="0.501961 0 0" fill="1 0.5 0" mode="-11"
 points="4.03353 5.33241,
	4.04081 5.30911,
	4.08741 5.27125,
	4.1107 5.25087,
	4.1573 5.20573,
	4.16313 5.1999,
	4.20972 5.20281,
	4.25632 5.22611,
	4.27816 5.24795,
	4.28981 5.2596,
	4.29563 5.2829,
	4.29855 5.29455,
	4.3 5.30038,
	4.29563 5.32367,
	4.29272 5.33532,
	4.29272 5.33824,
	4.27234 5.36153,
	4.22574 5.38629,
	4.20244 5.39357,
	4.19079 5.39648,
	4.17914 5.40231,
	4.17332 5.40522,
	4.15002 5.40667,
	4.10342 5.40231,
	4.0976 5.40085,
	4.051 5.35862,
	4.04518 5.3528,
	4.0379 5.34115,
	4.03353 5.33532,
	4.03353 5.33387,
	"/>
<Contour name="d11" hidden="false" closed="true" simplified="true" border="0.501961 0 0" fill="1 0.5 0" mode="11"
 points="3.40348 4.14656,
	3.45485 4.13693,
	3.46769 4.13372,
	3.47411 4.13372,
	3.49979 4.12409,
	3.51263 4.11928,
	3.53831 4.10323,
	3.56078 4.07754,
	3.5672 4.07112,
	3.5672 4.06952,
	3.57844 4.05668,
	3.57041 4.0326,
	3.57041 4.01976,
	3.5672 4.00692,
	3.56239 4.0005,
	3.55597 3.99729,
	3.55115 3.99729,
	3.50139 3.97161,
	3.47571 3.95556,
	3.45164 3.93469,
	3.44522 3.90901,
	3.45164 3.88333,
	3.45324 3.87049,
	3.46929 3.84481,
	3.47732 3.83196,
	3.49016 3.81912,
	3.54152 3.79184,
	3.59288 3.79023,
	3.61857 3.78863,
	3.72129 3.79505,
	3.77266 3.79986,
	3.82402 3.79986,
	3.8497 3.79826,
	3.90106 3.78221,
	3.91711 3.75813,
	3.92033 3.75171,
	3.92354 3.7485,
	3.9123 3.74047,
	3.80957 3.72442,
	3.78389 3.72282,
	3.77105 3.72121,
	3.76463 3.71961,
	3.7566 3.70998,
	3.77105 3.6843,
	3.79673 3.66985,
	4.00219 3.57194,
	4.05355 3.54786,
	4.15627 3.50613,
	4.20764 3.48526,
	4.259 3.46119,
	4.28468 3.45477,
	4.33605 3.44835,
	4.74695 3.43229,
	4.9524 3.42748,
	5.15786 3.42587,
	5.20922 3.42427,
	5.2349 3.42266,
	5.33763 3.44674,
	5.38899 3.45958,
	5.41467 3.466,
	5.46604 3.48526,
	5.49172 3.49329,
	5.54308 3.50131,
	5.59445 3.50613,
	5.60729 3.50773,
	5.65865 3.53502,
	5.76138 3.59441,
	5.78706 3.60886,
	5.81274 3.62651,
	5.91547 3.68108,
	5.94115 3.69393,
	6.04387 3.7164,
	6.09524 3.72603,
	6.1466 3.73084,
	6.17228 3.72763,
	6.22364 3.73887,
	6.27501 3.718,
	6.28785 3.71479,
	6.29427 3.71319,
	6.31995 3.71961,
	6.32637 3.72282,
	6.32958 3.72282,
	6.35366 3.74529,
	6.34724 3.77097,
	6.33921 3.78381,
	6.31353 3.79665,
	6.28945 3.81752,
	6.26538 3.8432,
	6.2397 3.89456,
	6.22685 3.92024,
	6.22043 3.93309,
	6.21562 3.93951,
	6.21241 3.94272,
	6.2413 3.99408,
	6.24612 4.0005,
	6.2092 4.05186,
	6.19796 4.07754,
	6.18994 4.10323,
	6.1787 4.11286,
	6.15302 4.1273,
	6.14018 4.13372,
	6.12734 4.14335,
	6.1145 4.16904,
	6.10808 4.18188,
	6.09684 4.23324,
	6.07598 4.25892,
	6.02943 4.31028,
	6.00696 4.33597,
	6.00054 4.34239,
	5.97485 4.39375,
	5.96201 4.41943,
	5.95078 4.42746,
	5.89941 4.44351,
	5.87373 4.44993,
	5.84805 4.44993,
	5.83521 4.45314,
	5.80953 4.47079,
	5.79669 4.48042,
	5.79187 4.48524,
	5.78866 4.49808,
	5.79027 4.52376,
	5.79027 4.53018,
	5.76619 4.54623,
	5.74051 4.55586,
	5.63778 4.57834,
	5.53506 4.61044,
	5.48369 4.62809,
	5.43233 4.64254,
	5.42591 4.64415,
	5.37455 4.63612,
	5.34886 4.63291,
	5.33602 4.6313,
	5.28466 4.61525,
	5.25898 4.60723,
	5.24614 4.60241,
	5.23972 4.60081,
	5.13699 4.62488,
	5.11131 4.6297,
	5.08563 4.6313,
	5.07279 4.63291,
	5.05995 4.6313,
	5.03427 4.62167,
	5.02142 4.61846,
	4.97006 4.62809,
	4.86733 4.63612,
	4.81597 4.64094,
	4.79029 4.64094,
	4.73893 4.65217,
	4.71324 4.65859,
	4.66188 4.66662,
	4.61052 4.66983,
	4.58484 4.66983,
	4.48211 4.6923,
	4.45643 4.70032,
	4.44359 4.70353,
	4.43717 4.70514,
	4.41149 4.70032,
	4.39865 4.69872,
	4.29592 4.64575,
	4.24456 4.61846,
	4.19319 4.60723,
	4.18035 4.60241,
	4.16751 4.60081,
	4.06478 4.61365,
	4.05836 4.61525,
	4.03268 4.60562,
	4.01984 4.60081,
	3.96848 4.5671,
	3.9428 4.54944,
	3.92996 4.53981,
	3.90427 4.52537,
	3.89304 4.51253,
	3.88662 4.50611,
	3.8802 4.5029,
	3.86736 4.5029,
	3.86094 4.5029,
	3.83525 4.49166,
	3.78389 4.45795,
	3.73253 4.41462,
	3.7229 4.40178,
	3.71808 4.39535,
	3.66672 4.39375,
	3.64104 4.39214,
	3.61536 4.38572,
	3.58967 4.38251,
	3.57683 4.38091,
	3.55115 4.37128,
	3.53831 4.36646,
	3.53189 4.36486,
	3.50621 4.34399,
	3.49337 4.33115,
	3.48695 4.32634,
	3.48213 4.27497,
	3.47892 4.26213,
	3.47732 4.25571,
	3.42595 4.222,
	3.41151 4.19793,
	3.40188 4.17225,
	3.39867 4.1594,
	3.40188 4.14817,
	"/>
<Contour name="d11" hidden="false" closed="true" simplified="true" border="0.501961 0 0" fill="1 0.5 0" mode="-11"
 points="5.66269 3.27114,
	5.71007 3.20522,
	5.72037 3.18874,
	5.77805 3.12282,
	5.80483 3.08987,
	5.81925 3.07339,
	5.82337 3.07133,
	5.85633 3.07957,
	5.87281 3.08369,
	5.88105 3.08781,
	5.90988 3.15372,
	5.87075 3.21964,
	5.83985 3.25054,
	5.80689 3.27732,
	5.74097 3.31646,
	5.72449 3.3247,
	5.69153 3.32676,
	5.68741 3.32676,
	5.67299 3.31028,
	5.66475 3.30204,
	5.66269 3.28556,
	5.66269 3.27732,
	5.66269 3.2732,
	"/>
<Contour name="d11c35" hidden="false" closed="true" simplified="true" border="1 1 0" fill="1 1 0" mode="11"
 points="3.13742 4.88846,
	3.24329 4.78259,
	3.27018 4.75738,
	3.28362 4.74562,
	3.29034 4.7389,
	3.39789 4.67504,
	3.41133 4.66664,
	3.46007 4.61454,
	3.47183 4.60278,
	3.52561 4.59942,
	3.55249 4.62295,
	3.55585 4.62631,
	3.55081 4.68008,
	3.54913 4.69353,
	3.54745 4.70025,
	3.52729 4.72713,
	3.5004 4.7473,
	3.39285 4.81284,
	3.33907 4.84813,
	3.2853 4.86325,
	3.27186 4.86661,
	3.26681 4.86829,
	3.27858 4.86997,
	3.25169 4.87838,
	3.2248 4.88342,
	3.21304 4.88846,
	3.19456 4.91535,
	3.19119 4.92207,
	3.16431 4.94559,
	3.15759 4.95064,
	3.14414 4.94391,
	3.14078 4.94223,
	3.13742 4.89014,
	"/>
<Contour name="d11cfa35" hidden="false" closed="false" simplified="false" border="1 1 0" fill="1 1 0" mode="-13"
 points="3.55476 4.62356,
	3.30269 4.77984,
	3.14809 4.94621,
	"/>
<Contour name="d11c38" hidden="false" closed="true" simplified="true" border="1 0 0" fill="1 0 0" mode="11"
 points="4.21651 5.20965,
	4.22601 5.19856,
	4.25135 5.2049,
	4.2767 5.21599,
	4.28937 5.22074,
	4.30204 5.22866,
	4.32738 5.254,
	4.33372 5.26034,
	4.33372 5.28568,
	4.33372 5.29835,
	4.32422 5.32369,
	4.30996 5.34904,
	4.29729 5.35854,
	4.29095 5.36329,
	4.27828 5.36805,
	4.26561 5.36329,
	4.25927 5.36013,
	4.26086 5.30944,
	4.26086 5.2841,
	4.24343 5.25875,
	4.23551 5.24608,
	4.23076 5.23341,
	4.22284 5.22074,
	4.21967 5.2144,
	4.21809 5.21123,
	"/>
<Contour name="d11cfa38" hidden="false" closed="false" simplified="false" border="1 0 0" fill="1 0 0" mode="-13"
 points="4.28253 5.36942,
	4.29679 5.35358,
	4.31263 5.29656,
	4.27778 5.24587,
	4.22076 5.19994,
	"/>
<Contour name="d11rh35a" hidden="false" closed="true" simplified="false" border="1 0 1" fill="1 0 1" mode="11"
 points="3.47049 4.88935,
	3.47049 4.88712,
	3.47272 4.88489,
	3.47495 4.88489,
	3.47718 4.88712,
	3.47718 4.88935,
	3.47495 4.89158,
	3.47272 4.89158,
	"/>
<Contour name="d11rh35a" hidden="false" closed="true" simplified="false" border="1 0 1" fill="1 0 1" mode="11"
 points="3.45041 4.91054,
	3.45041 4.90831,
	3.45264 4.90608,
	3.45487 4.90608,
	3.4571 4.90831,
	3.4571 4.91054,
	3.45487 4.91277,
	3.45264 4.91277,
	"/>
<Contour name="d11rh35a" hidden="false" closed="true" simplified="false" border="1 0 1" fill="1 0 1" mode="11"
 points="3.48945 4.9005,
	3.48945 4.89827,
	3.49168 4.89604,
	3.49391 4.89604,
	3.49614 4.89827,
	3.49614 4.9005,
	3.49391 4.90273,
	3.49168 4.90273,
	"/>
<Contour name="d11rh35a" hidden="false" closed="true" simplified="false" border="1 0 1" fill="1 0 1" mode="11"
 points="3.43814 4.87262,
	3.43814 4.87039,
	3.44037 4.86816,
	3.4426 4.86816,
	3.44483 4.87039,
	3.44483 4.87262,
	3.4426 4.87485,
	3.44037 4.87485,
	"/>
<Contour name="d11rh35b" hidden="false" closed="true" simplified="false" border="1 0 1" fill="1 0 1" mode="11"
 points="3.54893 4.76814,
	3.54893 4.76422,
	3.55284 4.76031,
	3.55675 4.76031,
	3.56067 4.76422,
	3.56067 4.76814,
	3.55675 4.77205,
	3.55284 4.77205,
	"/>
<Contour name="d11rh35b" hidden="false" closed="true" simplified="false" border="1 0 1" fill="1 0 1" mode="11"
 points="3.53132 4.75053,
	3.53132 4.74661,
	3.53523 4.7427,
	3.53914 4.7427,
	3.54306 4.74661,
	3.54306 4.75053,
	3.53914 4.75444,
	3.53523 4.75444,
	"/>
<Contour name="d11rh35b" hidden="false" closed="true" simplified="false" border="1 0 1" fill="1 0 1" mode="11"
 points="3.52936 4.72705,
	3.52936 4.72313,
	3.53327 4.71922,
	3.53719 4.71922,
	3.5411 4.72313,
	3.5411 4.72705,
	3.53719 4.73096,
	3.53327 4.73096,
	"/>
<Contour name="d11rh35b" hidden="false" closed="true" simplified="false" border="1 0 1" fill="1 0 1" mode="11"
 points="3.54697 4.71531,
	3.54697 4.71139,
	3.55088 4.70748,
	3.5548 4.70748,
	3.55871 4.71139,
	3.55871 4.71531,
	3.5548 4.71922,
	3.55088 4.71922,
	"/>
<Contour name="d11rh35b" hidden="false" closed="true" simplified="false" border="1 0 1" fill="1 0 1" mode="11"
 points="3.53719 4.69574,
	3.53719 4.69183,
	3.5411 4.68792,
	3.54501 4.68792,
	3.54893 4.69183,
	3.54893 4.69574,
	3.54501 4.69966,
	3.5411 4.69966,
	"/>
<Contour name="d01ax40Bssvr" hidden="false" closed="true" simplified="false" border="0 1 0.251" fill="0 0 1" mode="11"
 points="6.75589 3.82101,
	6.74181 3.80693,
	6.75589 3.79285,
	6.76997 3.80693,
	"/>
<Contour name="d01ax40Bssvr" hidden="false" closed="true" simplified="false" border="0 1 0.251" fill="0 0 1" mode="11"
 points="6.73175 3.8693,
	6.71766 3.85521,
	6.73175 3.84113,
	6.74583 3.85521,
	"/>
<Contour name="d01ax40Bssvr" hidden="false" closed="true" simplified="false" border="0 1 0.251" fill="0 0 1" mode="11"
 points="6.75388 3.77474,
	6.73979 3.76066,
	6.75388 3.74657,
	6.76796 3.76066,
	"/>
<Contour name="d01ax40Bssvr" hidden="false" closed="true" simplified="false" border="0 1 0.251" fill="0 0 1" mode="11"
 points="6.66334 3.8532,
	6.64926 3.83912,
	6.66334 3.82504,
	6.67743 3.83912,
	"/>
<Contour name="d01ax40Bssvr" hidden="false" closed="true" simplified="false" border="0 1 0.251" fill="0 0 1" mode="11"
 points="6.605 3.80291,
	6.59092 3.78882,
	6.605 3.77474,
	6.61908 3.78882,
	"/>
<Contour name="d01ax40Bssvr" hidden="false" closed="true" simplified="false" border="0 1 0.251" fill="0 0 1" mode="11"
 points="6.61104 3.74255,
	6.59695 3.72847,
	6.61104 3.71439,
	6.62512 3.72847,
	"/>
<Contour name="d01ax40Bssvr" hidden="false" closed="true" simplified="false" border="0 1 0.251" fill="0 0 1" mode="11"
 points="6.56678 3.85723,
	6.55269 3.84314,
	6.56678 3.82906,
	6.58086 3.84314,
	"/>
<Contour name="d01ax40Bssvr" hidden="false" closed="true" simplified="false" border="0 1 0.251" fill="0 0 1" mode="11"
 points="6.54062 3.89947,
	6.52654 3.88539,
	6.54062 3.87131,
	6.5547 3.88539,
	"/>
<Contour name="d01ax40Bssvr" hidden="false" closed="true" simplified="false" border="0 1 0.251" fill="0 0 1" mode="11"
 points="6.55269 3.93971,
	6.53861 3.92563,
	6.55269 3.91155,
	6.56678 3.92563,
	"/>
<Contour name="d01ax40Bssvr" hidden="false" closed="true" simplified="false" border="0 1 0.251" fill="0 0 1" mode="11"
 points="6.55672 3.9719,
	6.54263 3.95782,
	6.55672 3.94374,
	6.5708 3.95782,
	"/>
<Contour name="d01ax40Bssvr" hidden="false" closed="true" simplified="false" border="0 1 0.251" fill="0 0 1" mode="11"
 points="6.63317 3.95983,
	6.61908 3.94575,
	6.63317 3.93166,
	6.64725 3.94575,
	"/>
<Contour name="d01ax40Bssvr" hidden="false" closed="true" simplified="false" border="0 1 0.251" fill="0 0 1" mode="11"
 points="6.59293 3.92965,
	6.57885 3.91557,
	6.59293 3.90149,
	6.60701 3.91557,
	"/>
<Contour name="d01ax40Bssvr" hidden="false" closed="true" simplified="false" border="0 1 0.251" fill="0 0 1" mode="11"
 points="6.51044 3.87332,
	6.49636 3.85924,
	6.51044 3.84515,
	6.52453 3.85924,
	"/>
<Contour name="d01ax40Bssvr" hidden="false" closed="true" simplified="false" border="0 1 0.251" fill="0 0 1" mode="11"
 points="6.41589 3.8874,
	6.4018 3.87332,
	6.41589 3.85924,
	6.42997 3.87332,
	"/>
<Contour name="d01ax40Bssvr" hidden="false" closed="true" simplified="false" border="0 1 0.251" fill="0 0 1" mode="11"
 points="6.34145 3.9377,
	6.32737 3.92362,
	6.34145 3.90953,
	6.35553 3.92362,
	"/>
<Contour name="d01ax40Bssvr" hidden="false" closed="true" simplified="false" border="0 1 0.251" fill="0 0 1" mode="11"
 points="6.37163 3.98196,
	6.35754 3.96788,
	6.37163 3.95379,
	6.38571 3.96788,
	"/>
<Contour name="d01ax40Bssvr" hidden="false" closed="true" simplified="false" border="0 1 0.251" fill="0 0 1" mode="11"
 points="6.4018 3.96184,
	6.38772 3.94776,
	6.4018 3.93368,
	6.41589 3.94776,
	"/>
<Contour name="d01ax40Bssvr" hidden="false" closed="true" simplified="false" border="0 1 0.251" fill="0 0 1" mode="11"
 points="6.41186 4.00007,
	6.39778 3.98598,
	6.41186 3.9719,
	6.42595 3.98598,
	"/>
<Contour name="d01ax40Bssvr" hidden="false" closed="true" simplified="false" border="0 1 0.251" fill="0 0 1" mode="11"
 points="6.47222 3.99604,
	6.45814 3.98196,
	6.47222 3.96788,
	6.4863 3.98196,
	"/>
<Contour name="d01ax40Bssvr" hidden="false" closed="true" simplified="false" border="0 1 0.251" fill="0 0 1" mode="11"
 points="6.52453 4.02421,
	6.51044 4.01013,
	6.52453 3.99604,
	6.53861 4.01013,
	"/>
<Contour name="d01ax40Bssvr" hidden="false" closed="true" simplified="false" border="0 1 0.251" fill="0 0 1" mode="11"
 points="6.49435 4.05036,
	6.48027 4.03628,
	6.49435 4.0222,
	6.50843 4.03628,
	"/>
<Contour name="d01ax40Bssvr" hidden="false" closed="true" simplified="false" border="0 1 0.251" fill="0 0 1" mode="11"
 points="6.55672 4.06042,
	6.54263 4.04634,
	6.55672 4.03226,
	6.5708 4.04634,
	"/>
<Contour name="d01ax40Bssvr" hidden="false" closed="true" simplified="false" border="0 1 0.251" fill="0 0 1" mode="11"
 points="6.4521 4.03628,
	6.43802 4.0222,
	6.4521 4.00811,
	6.46618 4.0222,
	"/>
<Contour name="d01ax40Bssvr" hidden="false" closed="true" simplified="false" border="0 1 0.251" fill="0 0 1" mode="11"
 points="6.3837 4.08255,
	6.36961 4.06847,
	6.3837 4.05439,
	6.39778 4.06847,
	"/>
<Contour name="d01ax40Bssvr" hidden="false" closed="true" simplified="false" border="0 1 0.251" fill="0 0 1" mode="11"
 points="6.36559 4.05237,
	6.35151 4.03829,
	6.36559 4.02421,
	6.37967 4.03829,
	"/>
<Contour name="d01ax40Bssvr" hidden="false" closed="true" simplified="false" border="0 1 0.251" fill="0 0 1" mode="11"
 points="6.53257 4.1751,
	6.51849 4.16101,
	6.53257 4.14693,
	6.54666 4.16101,
	"/>
<Contour name="d01ax40Bssvr" hidden="false" closed="true" simplified="false" border="0 1 0.251" fill="0 0 1" mode="11"
 points="6.5205 4.20125,
	6.50642 4.18717,
	6.5205 4.17309,
	6.53459 4.18717,
	"/>
<Contour name="d01ax40Bssvr" hidden="false" closed="true" simplified="false" border="0 1 0.251" fill="0 0 1" mode="11"
 points="6.15513 4.70619,
	6.14267 4.69372,
	6.15513 4.68126,
	6.16759 4.69372,
	"/>
<Contour name="d01ax40Bssvr" hidden="false" closed="true" simplified="false" border="0 1 0.251" fill="0 0 1" mode="11"
 points="6.13555 4.67058,
	6.12308 4.65812,
	6.13555 4.64565,
	6.14801 4.65812,
	"/>
<Contour name="d01ax40Bssvr" hidden="false" closed="true" simplified="false" border="0 1 0.251" fill="0 0 1" mode="11"
 points="6.07857 4.69729,
	6.06611 4.68482,
	6.07857 4.67236,
	6.09104 4.68482,
	"/>
<Contour name="d01ax41ssvda" hidden="false" closed="true" simplified="false" border="1 0 0" fill="0 0 1" mode="11"
 points="5.73668 2.52722,
	5.72551 2.51605,
	5.73668 2.50488,
	5.74785 2.51605,
	"/>
<Contour name="d01ax41ssvda" hidden="false" closed="true" simplified="false" border="1 0 0" fill="0 0 1" mode="11"
 points="5.66649 2.51924,
	5.65533 2.50807,
	5.66649 2.49691,
	5.67766 2.50807,
	"/>
<Contour name="d01ax41ssvda" hidden="false" closed="true" simplified="false" border="1 0 0" fill="0 0 1" mode="11"
 points="5.51655 2.56869,
	5.50538 2.55752,
	5.51655 2.54636,
	5.52772 2.55752,
	"/>
<Contour name="d01ax41ssvr" hidden="false" closed="true" simplified="false" border="0 1 0.251" fill="0 0 1" mode="11"
 points="5.81963 2.51126,
	5.80846 2.5001,
	5.81963 2.48893,
	5.83079 2.5001,
	"/>
<Contour name="d01ax41ssvr" hidden="false" closed="true" simplified="false" border="0 1 0.251" fill="0 0 1" mode="11"
 points="5.83877 2.45224,
	5.8276 2.44108,
	5.83877 2.42991,
	5.84993 2.44108,
	"/>
<Contour name="d01ax41ssvr" hidden="false" closed="true" simplified="false" border="0 1 0.251" fill="0 0 1" mode="11"
 points="5.88822 2.46341,
	5.87705 2.45224,
	5.88822 2.44108,
	5.89938 2.45224,
	"/>
<Contour name="d01ax41ssvr" hidden="false" closed="true" simplified="false" border="0 1 0.251" fill="0 0 1" mode="11"
 points="5.90577 2.43629,
	5.8946 2.42513,
	5.90577 2.41396,
	5.91693 2.42513,
	"/>
<Contour name="d01ax41ssvr" hidden="false" closed="true" simplified="false" border="0 1 0.251" fill="0 0 1" mode="11"
 points="5.91534 2.40279,
	5.90417 2.39163,
	5.91534 2.38046,
	5.9265 2.39163,
	"/>
<Contour name="d01ax41ssvr" hidden="false" closed="true" simplified="false" border="0 1 0.251" fill="0 0 1" mode="11"
 points="5.85791 2.37568,
	5.84674 2.36451,
	5.85791 2.35334,
	5.86908 2.36451,
	"/>
<Contour name="d01ax41ssvr" hidden="false" closed="true" simplified="false" border="0 1 0.251" fill="0 0 1" mode="11"
 points="5.84515 2.41237,
	5.83398 2.4012,
	5.84515 2.39003,
	5.85632 2.4012,
	"/>
<Contour name="d01ax41ssvr" hidden="false" closed="true" simplified="false" border="0 1 0.251" fill="0 0 1" mode="11"
 points="5.79091 2.40439,
	5.77975 2.39322,
	5.79091 2.38206,
	5.80208 2.39322,
	"/>
<Contour name="d01ax41ssvr" hidden="false" closed="true" simplified="false" border="0 1 0.251" fill="0 0 1" mode="11"
 points="5.80049 2.45224,
	5.78932 2.44108,
	5.80049 2.42991,
	5.81165 2.44108,
	"/>
<Contour name="d01ax41ssvr" hidden="false" closed="true" simplified="false" border="0 1 0.251" fill="0 0 1" mode="11"
 points="5.6984 2.48096,
	5.68723 2.46979,
	5.6984 2.45862,
	5.70956 2.46979,
	"/>
<Contour name="d01ax41ssvr" hidden="false" closed="true" simplified="false" border="0 1 0.251" fill="0 0 1" mode="11"
 points="5.78294 2.37249,
	5.77177 2.36132,
	5.78294 2.35015,
	5.7941 2.36132,
	"/>
<Contour name="d01ax41ssvr" hidden="false" closed="true" simplified="false" border="0 1 0.251" fill="0 0 1" mode="11"
 points="5.8292 2.3342,
	5.81803 2.32304,
	5.8292 2.31187,
	5.84036 2.32304,
	"/>
<Contour name="d01ax41ssvr" hidden="false" closed="true" simplified="false" border="0 1 0.251" fill="0 0 1" mode="11"
 points="5.893 2.3342,
	5.88184 2.32304,
	5.893 2.31187,
	5.90417 2.32304,
	"/>
<Contour name="d01ax41ssvr" hidden="false" closed="true" simplified="false" border="0 1 0.251" fill="0 0 1" mode="11"
 points="5.9616 2.3039,
	5.95043 2.29273,
	5.9616 2.28156,
	5.97276 2.29273,
	"/>
<Contour name="d01ax41ssvr" hidden="false" closed="true" simplified="false" border="0 1 0.251" fill="0 0 1" mode="11"
 points="5.98074 2.27359,
	5.96957 2.26242,
	5.98074 2.25126,
	5.9919 2.26242,
	"/>
<Contour name="d01ax41ssvr" hidden="false" closed="true" simplified="false" border="0 1 0.251" fill="0 0 1" mode="11"
 points="5.79889 2.31028,
	5.78772 2.29911,
	5.79889 2.28794,
	5.81006 2.29911,
	"/>
<Contour name="d01ax41ssvr" hidden="false" closed="true" simplified="false" border="0 1 0.251" fill="0 0 1" mode="11"
 points="5.76699 2.32623,
	5.75582 2.31506,
	5.76699 2.3039,
	5.77815 2.31506,
	"/>
<Contour name="d01ax41ssvr" hidden="false" closed="true" simplified="false" border="0 1 0.251" fill="0 0 1" mode="11"
 points="5.105 2.45224,
	5.09384 2.44108,
	5.105 2.42991,
	5.11617 2.44108,
	"/>
<Contour name="d01ax41ssvr" hidden="false" closed="true" simplified="false" border="0 1 0.251" fill="0 0 1" mode="11"
 points="5.05077 2.48096,
	5.0396 2.46979,
	5.05077 2.45862,
	5.06193 2.46979,
	"/>
<Contour name="d02c45ax17_ssvdb" hidden="false" closed="true" simplified="false" border="1 0.502 0" fill="0 0 1" mode="11"
 points="3.95471 2.95363,
	3.9432 2.94212,
	3.95471 2.93062,
	3.96621 2.94212,
	"/>
<Contour name="d02c45ax17_ssvdb" hidden="false" closed="true" simplified="false" border="1 0.502 0" fill="0 0 1" mode="11"
 points="3.99415 2.91254,
	3.98265 2.90104,
	3.99415 2.88953,
	4.00565 2.90104,
	"/>
<Contour name="d02c45ax17_ssvdb" hidden="false" closed="true" simplified="false" border="1 0.502 0" fill="0 0 1" mode="11"
 points="3.90705 3.04402,
	3.89554 3.03251,
	3.90705 3.02101,
	3.91855 3.03251,
	"/>
<Contour name="d08c31ax29_ssvr" hidden="false" closed="true" simplified="false" border="0 1 0.251" fill="0 0 1" mode="11"
 points="7.03817 4.75294,
	7.02714 4.74191,
	7.03817 4.73088,
	7.0492 4.74191,
	"/>
<Contour name="PSDax_d02cfa45" hidden="false" closed="false" simplified="false" border="0 1 0.251" fill="0 0 1" mode="11"
 points="3.99756 2.8289,
	3.97636 2.8395,
	3.93548 2.86524,
	3.88096 2.91219,
	3.83553 3.01667,
	"/>
<Contour name="d01" hidden="false" closed="true" simplified="true" border="1 0.5 0" fill="1 0.5 0" mode="9"
 points="5.49598 2.60289,
	5.51991 2.58793,
	5.56778 2.56998,
	5.66352 2.55202,
	5.67549 2.54604,
	5.77123 2.54305,
	5.78319 2.53707,
	5.83106 2.53707,
	5.855 2.54604,
	5.87295 2.56698,
	5.87295 2.61485,
	5.86996 2.63879,
	5.86996 2.64477,
	5.82807 2.68367,
	5.80713 2.70162,
	5.78319 2.71358,
	5.73532 2.72555,
	5.71139 2.73453,
	5.69942 2.74051,
	5.60368 2.73752,
	5.57975 2.72854,
	5.56778 2.72256,
	5.51991 2.67768,
	5.50196 2.65375,
	5.49598 2.64178,
	5.49598 2.61785,
	5.49598 2.60588,
	"/>
<Contour name="d01" hidden="false" closed="true" simplified="true" border="1 0.5 0" fill="1 0.5 0" mode="9"
 points="5.26561 3.29699,
	5.28356 3.27605,
	5.33143 3.27305,
	5.3793 3.26408,
	5.39126 3.2581,
	5.43913 3.24912,
	5.53487 3.24613,
	5.58274 3.24613,
	5.60668 3.24613,
	5.63061 3.2551,
	5.63659 3.26109,
	5.6336 3.26408,
	5.63659 3.28801,
	5.62762 3.29998,
	5.61565 3.29998,
	5.59172 3.30896,
	5.54385 3.31793,
	5.49598 3.33887,
	5.40024 3.34486,
	5.35237 3.34785,
	5.3045 3.33887,
	5.28057 3.32691,
	5.27159 3.31494,
	5.26561 3.30896,
	5.26561 3.29998,
	"/>
<Contour name="d01" hidden="false" closed="true" simplified="true" border="1 0.5 0" fill="1 0.5 0" mode="9"
 points="6.01656 2.99781,
	6.0375 2.94994,
	6.05844 2.926,
	6.08238 2.91104,
	6.13025 2.89309,
	6.17811 2.86916,
	6.20205 2.86018,
	6.24992 2.85719,
	6.29779 2.84522,
	6.34566 2.82727,
	6.39353 2.79735,
	6.41746 2.7794,
	6.42344 2.7794,
	6.46832 2.73752,
	6.5132 2.70162,
	6.53713 2.69264,
	6.5491 2.68367,
	6.57303 2.67469,
	6.57902 2.67469,
	6.585 2.66871,
	6.59697 2.66571,
	6.60295 2.66571,
	6.60894 2.65973,
	6.63287 2.65375,
	6.72861 2.64776,
	6.75254 2.64776,
	6.77648 2.65674,
	6.78845 2.65973,
	6.79443 2.66571,
	6.8423 2.67469,
	6.93804 2.68067,
	6.98591 2.68965,
	7.08164 2.69264,
	7.10558 2.69862,
	7.15345 2.69862,
	7.16542 2.70461,
	7.19833 2.74649,
	7.2073 2.75547,
	7.2073 2.7794,
	7.2073 2.78539,
	7.18636 2.80334,
	7.15345 2.84822,
	7.12652 2.89608,
	7.11755 2.94395,
	7.13849 2.96789,
	7.14746 2.97986,
	7.14746 3.02772,
	7.14746 3.03969,
	7.12652 3.06363,
	7.10259 3.07859,
	7.09361 3.09055,
	6.99787 3.15338,
	6.95 3.1833,
	6.92607 3.19527,
	6.92009 3.19527,
	6.89615 3.21023,
	6.87521 3.2192,
	6.85427 3.23715,
	6.83033 3.24912,
	6.82136 3.2581,
	6.81537 3.2581,
	6.80939 3.26408,
	6.80341 3.26408,
	6.77947 3.27904,
	6.75554 3.28801,
	6.56406 3.29101,
	6.46832 3.28801,
	6.37258 3.27605,
	6.36062 3.27605,
	6.31275 3.2551,
	6.30078 3.24613,
	6.28881 3.24314,
	6.24094 3.21322,
	6.22898 3.20424,
	6.22299 3.19826,
	6.21701 3.19826,
	6.21102 3.19228,
	6.11529 3.16236,
	6.06742 3.12047,
	6.04647 3.09654,
	6.02852 3.04867,
	6.02254 3.04268,
	6.02254 3.0367,
	6.01656 3.03072,
	6.01656 3.00678,
	6.01656 3.0008,
	"/>
<Contour name="d01c41" hidden="false" closed="true" simplified="true" border="1 0 0" fill="0 1 0" mode="9"
 points="5.52683 2.57468,
	5.53279 2.56674,
	5.53478 2.55879,
	5.54868 2.54488,
	5.58047 2.527,
	5.61225 2.51707,
	5.64404 2.51111,
	5.65993 2.50316,
	5.69172 2.4972,
	5.75529 2.4972,
	5.78708 2.4972,
	5.80297 2.4972,
	5.81886 2.50316,
	5.83476 2.51707,
	5.8427 2.52303,
	5.84469 2.53892,
	5.8427 2.54687,
	5.8427 2.55084,
	5.83873 2.55482,
	5.82284 2.55879,
	5.79304 2.59058,
	5.72947 2.59058,
	5.69768 2.59654,
	5.68179 2.59852,
	5.67384 2.6025,
	5.66589 2.6025,
	5.66192 2.60647,
	5.64603 2.60846,
	5.63808 2.61243,
	5.57451 2.6164,
	5.55862 2.61839,
	5.55067 2.61839,
	5.54272 2.61442,
	5.53478 2.60647,
	5.52882 2.59058,
	5.52683 2.57667,
	"/>
<Contour name="d01cfa41" hidden="false" closed="false" simplified="false" border="0 1 1" fill="0 1 1" mode="9"
 points="5.52895 2.59704,
	5.59252 2.5732,
	5.67795 2.55333,
	5.75543 2.55134,
	5.83092 2.55134,
	"/>
<Contour name="d01c45" hidden="false" closed="true" simplified="true" border="1 0 0" fill="0 1 0" mode="9"
 points="6.29168 3.24418,
	6.29764 3.23623,
	6.32943 3.23425,
	6.34532 3.23425,
	6.37711 3.24021,
	6.4089 3.24021,
	6.42479 3.24021,
	6.4387 3.25014,
	6.44664 3.25411,
	6.44863 3.2561,
	6.46452 3.24815,
	6.49631 3.25014,
	6.5122 3.25411,
	6.63935 3.2561,
	6.67113 3.2561,
	6.70292 3.25014,
	6.73471 3.24815,
	6.76649 3.24219,
	6.79828 3.24219,
	6.80225 3.24418,
	6.80225 3.26007,
	6.79828 3.27597,
	6.78636 3.29186,
	6.77841 3.29981,
	6.77046 3.30378,
	6.76252 3.30378,
	6.75457 3.30974,
	6.73868 3.31371,
	6.73073 3.3157,
	6.72676 3.3157,
	6.72279 3.31967,
	6.691 3.32762,
	6.65921 3.32961,
	6.64332 3.33358,
	6.63537 3.33755,
	6.50823 3.33755,
	6.44466 3.33755,
	6.41287 3.33358,
	6.39698 3.32762,
	6.3334 3.28987,
	6.31751 3.28193,
	6.29168 3.25411,
	6.29168 3.24617,
	"/>
<Contour name="d01cfa45" hidden="false" closed="false" simplified="false" border="0 1 1" fill="0 1 1" mode="9"
 points="6.8004 3.27249,
	6.69113 3.29832,
	6.55803 3.30031,
	6.39314 3.28441,
	6.28983 3.24468,
	"/>
<Contour name="d01ax40ab2ssvr" hidden="false" closed="true" simplified="false" border="0.5 0 1" fill="0.5 0 1" mode="-13"
 points="5.70945 2.88652,
	5.7035 2.88454,
	5.70945 2.88255,
	5.70549 2.8766,
	5.71144 2.88057,
	5.71342 2.87462,
	5.7154 2.88057,
	5.72135 2.8766,
	5.71738 2.88255,
	5.72333 2.88454,
	5.71738 2.88652,
	5.72135 2.89247,
	5.7154 2.8885,
	5.71342 2.89445,
	5.71144 2.8885,
	5.70549 2.89247,
	"/>
<Contour name="d01ax40ab2ssvr" hidden="false" closed="true" simplified="false" border="0.5 0 1" fill="0.5 0 1" mode="-13"
 points="5.73721 2.94997,
	5.73126 2.94799,
	5.73721 2.946,
	5.73325 2.94005,
	5.73919 2.94402,
	5.74118 2.93807,
	5.74316 2.94402,
	5.74911 2.94005,
	5.74514 2.946,
	5.75109 2.94799,
	5.74514 2.94997,
	5.74911 2.95592,
	5.74316 2.95195,
	5.74118 2.9579,
	5.73919 2.95195,
	5.73325 2.95592,
	"/>
<Contour name="d01ax40ab2ssvr" hidden="false" closed="true" simplified="false" border="0.5 0 1" fill="0.5 0 1" mode="-13"
 points="5.75109 2.98962,
	5.74514 2.98764,
	5.75109 2.98566,
	5.74713 2.97971,
	5.75307 2.98368,
	5.75506 2.97773,
	5.75704 2.98368,
	5.76299 2.97971,
	5.75902 2.98566,
	5.76497 2.98764,
	5.75902 2.98962,
	5.76299 2.99557,
	5.75704 2.99161,
	5.75506 2.99756,
	5.75307 2.99161,
	5.74713 2.99557,
	"/>
<Contour name="d01ax40ab2ssvr" hidden="false" closed="true" simplified="false" border="0.5 0 1" fill="0.5 0 1" mode="-13"
 points="5.72531 3.03126,
	5.71937 3.02928,
	5.72531 3.0273,
	5.72135 3.02135,
	5.7273 3.02532,
	5.72928 3.01937,
	5.73126 3.02532,
	5.73721 3.02135,
	5.73325 3.0273,
	5.73919 3.02928,
	5.73325 3.03126,
	5.73721 3.03721,
	5.73126 3.03325,
	5.72928 3.0392,
	5.7273 3.03325,
	5.72135 3.03721,
	"/>
<Contour name="d01ax40ab2ssvr" hidden="false" closed="true" simplified="false" border="0.5 0 1" fill="0.5 0 1" mode="-13"
 points="5.74911 3.07687,
	5.74316 3.07489,
	5.74911 3.0729,
	5.74514 3.06696,
	5.75109 3.07092,
	5.75307 3.06497,
	5.75506 3.07092,
	5.76101 3.06696,
	5.75704 3.0729,
	5.76299 3.07489,
	5.75704 3.07687,
	5.76101 3.08282,
	5.75506 3.07885,
	5.75307 3.0848,
	5.75109 3.07885,
	5.74514 3.08282,
	"/>
<Contour name="d01ax40ab2ssvr" hidden="false" closed="true" simplified="false" border="0.5 0 1" fill="0.5 0 1" mode="-13"
 points="5.62419 2.98169,
	5.61824 2.97971,
	5.62419 2.97773,
	5.62023 2.97178,
	5.62617 2.97575,
	5.62816 2.9698,
	5.63014 2.97575,
	5.63609 2.97178,
	5.63212 2.97773,
	5.63807 2.97971,
	5.63212 2.98169,
	5.63609 2.98764,
	5.63014 2.98368,
	5.62816 2.98962,
	5.62617 2.98368,
	5.62023 2.98764,
	"/>
<Contour name="d01ax40ab2ssvr" hidden="false" closed="true" simplified="false" border="0.5 0 1" fill="0.5 0 1" mode="-13"
 points="5.63212 3.01937,
	5.62617 3.01738,
	5.63212 3.0154,
	5.62816 3.00945,
	5.6341 3.01342,
	5.63609 3.00747,
	5.63807 3.01342,
	5.64402 3.00945,
	5.64005 3.0154,
	5.646 3.01738,
	5.64005 3.01937,
	5.64402 3.02532,
	5.63807 3.02135,
	5.63609 3.0273,
	5.6341 3.02135,
	5.62816 3.02532,
	"/>
<Contour name="d01ax40ab2ssvr" hidden="false" closed="true" simplified="false" border="0.5 0 1" fill="0.5 0 1" mode="-13"
 points="5.56669 3.0392,
	5.56074 3.03721,
	5.56669 3.03523,
	5.56272 3.02928,
	5.56867 3.03325,
	5.57065 3.0273,
	5.57264 3.03325,
	5.57859 3.02928,
	5.57462 3.03523,
	5.58057 3.03721,
	5.57462 3.0392,
	5.57859 3.04514,
	5.57264 3.04118,
	5.57065 3.04713,
	5.56867 3.04118,
	5.56272 3.04514,
	"/>
<Contour name="d01ax40ab2ssvr" hidden="false" closed="true" simplified="false" border="0.5 0 1" fill="0.5 0 1" mode="-13"
 points="5.52703 3.07885,
	5.52108 3.07687,
	5.52703 3.07489,
	5.52307 3.06894,
	5.52902 3.0729,
	5.531 3.06696,
	5.53298 3.0729,
	5.53893 3.06894,
	5.53496 3.07489,
	5.54091 3.07687,
	5.53496 3.07885,
	5.53893 3.0848,
	5.53298 3.08083,
	5.531 3.08678,
	5.52902 3.08083,
	5.52307 3.0848,
	"/>
<Contour name="d01ax40ab2ssvr" hidden="false" closed="true" simplified="false" border="0.5 0 1" fill="0.5 0 1" mode="-13"
 points="5.49729 3.0392,
	5.49134 3.03721,
	5.49729 3.03523,
	5.49332 3.02928,
	5.49927 3.03325,
	5.50126 3.0273,
	5.50324 3.03325,
	5.50919 3.02928,
	5.50522 3.03523,
	5.51117 3.03721,
	5.50522 3.0392,
	5.50919 3.04514,
	5.50324 3.04118,
	5.50126 3.04713,
	5.49927 3.04118,
	5.49332 3.04514,
	"/>
<Contour name="d01ax40ab2ssvr" hidden="false" closed="true" simplified="false" border="0.5 0 1" fill="0.5 0 1" mode="-13"
 points="5.51712 2.99954,
	5.51117 2.99756,
	5.51712 2.99557,
	5.51315 2.98962,
	5.5191 2.99359,
	5.52108 2.98764,
	5.52307 2.99359,
	5.52902 2.98962,
	5.52505 2.99557,
	5.531 2.99756,
	5.52505 2.99954,
	5.52902 3.00549,
	5.52307 3.00152,
	5.52108 3.00747,
	5.5191 3.00152,
	5.51315 3.00549,
	"/>
<Contour name="d01ax40ab2ssvr" hidden="false" closed="true" simplified="false" border="0.5 0 1" fill="0.5 0 1" mode="-13"
 points="5.61031 3.08282,
	5.60436 3.08083,
	5.61031 3.07885,
	5.60635 3.0729,
	5.61229 3.07687,
	5.61428 3.07092,
	5.61626 3.07687,
	5.62221 3.0729,
	5.61824 3.07885,
	5.62419 3.08083,
	5.61824 3.08282,
	5.62221 3.08877,
	5.61626 3.0848,
	5.61428 3.09075,
	5.61229 3.0848,
	5.60635 3.08877,
	"/>
<Contour name="d01ax40ab2ssvr" hidden="false" closed="true" simplified="false" border="0.5 0 1" fill="0.5 0 1" mode="-13"
 points="5.57859 3.12644,
	5.57264 3.12446,
	5.57859 3.12247,
	5.57462 3.11653,
	5.58057 3.12049,
	5.58255 3.11454,
	5.58453 3.12049,
	5.59048 3.11653,
	5.58652 3.12247,
	5.59247 3.12446,
	5.58652 3.12644,
	5.59048 3.13239,
	5.58453 3.12842,
	5.58255 3.13437,
	5.58057 3.12842,
	5.57462 3.13239,
	"/>
<Contour name="d01ax40ab2ssvr" hidden="false" closed="true" simplified="false" border="0.5 0 1" fill="0.5 0 1" mode="-13"
 points="5.64798 3.11851,
	5.64204 3.11653,
	5.64798 3.11454,
	5.64402 3.10859,
	5.64997 3.11256,
	5.65195 3.10661,
	5.65393 3.11256,
	5.65988 3.10859,
	5.65592 3.11454,
	5.66186 3.11653,
	5.65592 3.11851,
	5.65988 3.12446,
	5.65393 3.12049,
	5.65195 3.12644,
	5.64997 3.12049,
	5.64402 3.12446,
	"/>
<Contour name="d01ax40ab2ssvr" hidden="false" closed="true" simplified="false" border="0.5 0 1" fill="0.5 0 1" mode="-13"
 points="5.61428 3.16015,
	5.60833 3.15817,
	5.61428 3.15618,
	5.61031 3.15023,
	5.61626 3.1542,
	5.61824 3.14825,
	5.62023 3.1542,
	5.62617 3.15023,
	5.62221 3.15618,
	5.62816 3.15817,
	5.62221 3.16015,
	5.62617 3.1661,
	5.62023 3.16213,
	5.61824 3.16808,
	5.61626 3.16213,
	5.61031 3.1661,
	"/>
<Contour name="d01ax40ab2ssvr" hidden="false" closed="true" simplified="false" border="0.5 0 1" fill="0.5 0 1" mode="-13"
 points="5.37237 3.14825,
	5.36642 3.14627,
	5.37237 3.14429,
	5.36841 3.13834,
	5.37435 3.1423,
	5.37634 3.13635,
	5.37832 3.1423,
	5.38427 3.13834,
	5.3803 3.14429,
	5.38625 3.14627,
	5.3803 3.14825,
	5.38427 3.1542,
	5.37832 3.15023,
	5.37634 3.15618,
	5.37435 3.15023,
	5.36841 3.1542,
	"/>
<Contour name="d01ax40ab2ssvr" hidden="false" closed="true" simplified="false" border="0.5 0 1" fill="0.5 0 1" mode="-13"
 points="5.47548 3.12446,
	5.46953 3.12247,
	5.47548 3.12049,
	5.47151 3.11454,
	5.47746 3.11851,
	5.47944 3.11256,
	5.48143 3.11851,
	5.48738 3.11454,
	5.48341 3.12049,
	5.48936 3.12247,
	5.48341 3.12446,
	5.48738 3.13041,
	5.48143 3.12644,
	5.47944 3.13239,
	5.47746 3.12644,
	5.47151 3.13041,
	"/>
<Contour name="d01ax40ab2ssvr" hidden="false" closed="true" simplified="false" border="0.5 0 1" fill="0.5 0 1" mode="-13"
 points="5.4616 3.09471,
	5.45565 3.09273,
	5.4616 3.09075,
	5.45763 3.0848,
	5.46358 3.08877,
	5.46556 3.08282,
	5.46755 3.08877,
	5.4735 3.0848,
	5.46953 3.09075,
	5.47548 3.09273,
	5.46953 3.09471,
	5.4735 3.10066,
	5.46755 3.0967,
	5.46556 3.10265,
	5.46358 3.0967,
	5.45763 3.10066,
	"/>
<Contour name="d01ax40ab2ssvr" hidden="false" closed="true" simplified="false" border="0.5 0 1" fill="0.5 0 1" mode="-13"
 points="5.45962 3.05506,
	5.45367 3.05308,
	5.45962 3.05109,
	5.45565 3.04514,
	5.4616 3.04911,
	5.46358 3.04316,
	5.46556 3.04911,
	5.47151 3.04514,
	5.46755 3.05109,
	5.4735 3.05308,
	5.46755 3.05506,
	5.47151 3.06101,
	5.46556 3.05704,
	5.46358 3.06299,
	5.4616 3.05704,
	5.45565 3.06101,
	"/>
<Contour name="d01p45" hidden="false" closed="true" simplified="false" border="1 1 0" fill="1 1 0" mode="-9"
 points="6.56829 3.21677,
	6.56829 3.1643,
	6.51582 3.1643,
	6.51582 3.21021,
	6.50927 3.21677,
	6.50927 3.15774,
	6.57485 3.15774,
	6.57485 3.22333,
	6.50927 3.22333,
	6.51582 3.21677,
	"/>
<Contour name="d02p46" hidden="false" closed="true" simplified="false" border="0 0 1" fill="0 0 1" mode="-9"
 points="6.16822 2.38056,
	6.14527 2.3576,
	6.16822 2.33465,
	6.19118 2.3576,
	"/>
<Contour name="d04p47" hidden="false" closed="true" simplified="false" border="1 0 1" fill="1 0 1" mode="-9"
 points="1.82133 3.02601,
	1.82133 3.01209,
	1.83526 2.99816,
	1.84918 2.99816,
	1.86311 3.01209,
	1.86311 3.02601,
	1.84918 3.03994,
	1.83526 3.03994,
	"/>
<Contour name="d10p38" hidden="false" closed="true" simplified="false" border="1 0 0" fill="1 0 0" mode="-13"
 points="7.15 0.942756,
	7.13667 0.942756,
	7.13667 0.949421,
	7.14333 0.956086,
	7.16333 0.962751,
	7.15 0.969416,
	7.14333 0.982745,
	7.13 0.969416,
	7.12334 0.956086,
	7.12334 0.942756,
	7.11001 0.942756,
	7.13 0.929427,
	"/>
<Contour name="d10p39" hidden="false" closed="true" simplified="false" border="0 1 0" fill="0 1 0" mode="-9"
 points="7.62765 0.391796,
	7.62765 0.374023,
	7.64542 0.374023,
	7.64542 0.35625,
	7.66319 0.35625,
	7.66319 0.374023,
	7.68096 0.374023,
	7.68096 0.391796,
	7.66319 0.391796,
	7.66319 0.409569,
	7.64542 0.409569,
	7.64542 0.391796,
	"/>
<Contour name="d01SER" hidden="false" closed="true" simplified="true" border="0 1 0" fill="0 1 0" mode="-9"
 points="6.44187 2.79236,
	6.46108 2.78035,
	6.48029 2.77795,
	6.48989 2.78035,
	6.49229 2.78515,
	6.48749 2.79476,
	6.47789 2.80196,
	6.45868 2.80676,
	6.44907 2.80676,
	6.44187 2.79956,
	6.44187 2.79476,
	"/>
<Contour name="d02SER" hidden="false" closed="true" simplified="true" border="0 1 0" fill="0 1 0" mode="-9"
 points="6.68652 2.5083,
	6.69674 2.49466,
	6.724 2.48103,
	6.73764 2.47422,
	6.7649 2.47422,
	6.77853 2.48103,
	6.79216 2.49466,
	6.79557 2.5083,
	6.79216 2.52193,
	6.76831 2.54578,
	6.75468 2.55601,
	6.72741 2.56282,
	6.70015 2.55942,
	6.68992 2.54919,
	6.68652 2.52193,
	6.68652 2.5117,
	"/>
<Contour name="d02SER" hidden="false" closed="true" simplified="true" border="0 1 0" fill="0 1 0" mode="-9"
 points="6.11397 2.40606,
	6.22303 2.38902,
	6.25029 2.3822,
	6.26392 2.3822,
	6.27755 2.37198,
	6.33208 2.34812,
	6.38661 2.34471,
	6.41388 2.34471,
	6.44114 2.33449,
	6.49567 2.33108,
	6.52293 2.32085,
	6.57746 2.32085,
	6.63199 2.32767,
	6.64562 2.33108,
	6.75468 2.31063,
	6.78194 2.31404,
	6.8058 2.33108,
	6.81602 2.34471,
	6.81943 2.35834,
	6.8058 2.37198,
	6.75127 2.3822,
	6.69674 2.36516,
	6.64221 2.36516,
	6.61495 2.36516,
	6.58768 2.35834,
	6.56042 2.36857,
	6.53316 2.38561,
	6.50589 2.39242,
	6.47863 2.39242,
	6.45136 2.40946,
	6.43773 2.41628,
	6.32867 2.40265,
	6.27415 2.40265,
	6.21962 2.41969,
	6.20599 2.42991,
	6.17872 2.43332,
	6.15146 2.42991,
	6.13783 2.42991,
	6.11397 2.40946,
	"/>
<Contour name="d02SER" hidden="false" closed="true" simplified="true" border="0 1 0" fill="0 1 0" mode="-9"
 points="5.90949 2.86954,
	5.92312 2.85591,
	5.95039 2.85932,
	5.96402 2.86273,
	5.96743 2.87636,
	5.95379 2.88658,
	5.92653 2.88999,
	5.9129 2.88658,
	5.90949 2.87295,
	"/>
<Contour name="d05SER" hidden="false" closed="true" simplified="true" border="0 1 0" fill="0 1 0" mode="-9"
 points="4.67017 3.08275,
	4.67632 3.0766,
	4.70088 3.0766,
	4.72544 3.08275,
	4.73465 3.09503,
	4.73465 3.10117,
	4.72237 3.11038,
	4.71009 3.11345,
	4.68553 3.10731,
	4.67325 3.10117,
	4.67017 3.08889,
	4.67017 3.08582,
	"/>
<Contour name="d05SER" hidden="false" closed="true" simplified="true" border="0 1 0" fill="0 1 0" mode="-9"
 points="5.02635 3.15951,
	5.05091 3.14722,
	5.10004 3.13801,
	5.1246 3.14108,
	5.13381 3.1503,
	5.13381 3.15644,
	5.12153 3.16565,
	5.07241 3.18407,
	5.04784 3.18714,
	5.03556 3.181,
	5.02635 3.16872,
	5.02635 3.16258,
	"/>
<Contour name="d05SER" hidden="false" closed="true" simplified="true" border="0 1 0" fill="0 1 0" mode="-9"
 points="4.84826 3.21478,
	4.86054 3.20556,
	4.86668 3.19942,
	4.87283 3.19942,
	4.91888 3.16258,
	4.92502 3.16258,
	4.93116 3.15644,
	4.98029 3.15951,
	5.00486 3.16258,
	5.01407 3.16565,
	4.9895 3.17793,
	4.96494 3.19635,
	4.94345 3.20556,
	4.93116 3.2117,
	4.88204 3.22092,
	4.85747 3.22092,
	4.84826 3.21785,
	"/>
<Contour name="d05SER" hidden="false" closed="true" simplified="true" border="0 1 0" fill="0 1 0" mode="-9"
 points="5.41016 2.90773,
	5.41937 2.89545,
	5.44393 2.88624,
	5.45621 2.88624,
	5.4685 2.89545,
	5.47157 2.90773,
	5.46235 2.92001,
	5.45007 2.92615,
	5.42551 2.92308,
	5.41937 2.92308,
	5.41016 2.9108,
	"/>
<Contour name="d05SER" hidden="false" closed="true" simplified="true" border="0 1 0" fill="0 1 0" mode="-9"
 points="5.32418 2.76649,
	5.34875 2.75728,
	5.37331 2.75728,
	5.38559 2.75728,
	5.40709 2.77263,
	5.41323 2.78491,
	5.40095 2.78798,
	5.38866 2.78491,
	5.37945 2.77263,
	5.36717 2.77263,
	5.35489 2.77877,
	5.33032 2.7757,
	5.32418 2.77263,
	5.32418 2.76956,
	"/>
<Contour name="d08SER" hidden="false" closed="true" simplified="true" border="0 1 0" fill="0 1 0" mode="-9"
 points="5.15218 5.18176,
	5.171 5.16294,
	5.19252 5.16294,
	5.19789 5.16294,
	5.20327 5.16831,
	5.20327 5.17369,
	5.19521 5.18445,
	5.17638 5.19521,
	5.16563 5.19789,
	5.15487 5.19252,
	5.15218 5.18445,
	"/>
<Contour name="d08SER" hidden="false" closed="true" simplified="true" border="0 1 0" fill="0 1 0" mode="-9"
 points="5.04193 4.8779,
	5.05269 4.86983,
	5.0742 4.86983,
	5.07958 4.86983,
	5.08227 4.89134,
	5.0742 4.89941,
	5.05269 4.89941,
	5.04193 4.89134,
	5.04193 4.88059,
	"/>
<Contour name="d08SER" hidden="false" closed="true" simplified="true" border="0 1 0" fill="0 1 0" mode="-9"
 points="5.06344 4.83488,
	5.08227 4.81605,
	5.09302 4.81067,
	5.10378 4.81067,
	5.12529 4.82412,
	5.11991 4.83488,
	5.10916 4.84563,
	5.08764 4.8537,
	5.06613 4.84563,
	5.06344 4.83756,
	"/>
<Contour name="d10SER" hidden="false" closed="true" simplified="true" border="0 1 0" fill="0 1 0" mode="-9"
 points="7.33856 0.826753,
	7.38366 0.78767,
	7.38967 0.781657,
	7.4017 0.778651,
	7.42575 0.763619,
	7.44078 0.739568,
	7.44679 0.733555,
	7.45882 0.730549,
	7.46182 0.724536,
	7.47084 0.733555,
	7.46182 0.757606,
	7.44679 0.778651,
	7.4017 0.817734,
	7.37764 0.832766,
	7.35359 0.841785,
	7.34157 0.838779,
	7.33856 0.829759,
	"/>
<Contour name="d10SER" hidden="false" closed="true" simplified="true" border="0 1 0" fill="0 1 0" mode="-9"
 points="6.97178 0.478014,
	6.9778 0.465988,
	7.00185 0.444943,
	7.01387 0.435924,
	7.0259 0.435924,
	7.03191 0.435924,
	7.03792 0.441937,
	7.03792 0.453963,
	7.0259 0.478014,
	7.01989 0.487033,
	6.99583 0.499058,
	6.98381 0.499058,
	6.97178 0.487033,
	6.97178 0.48102,
	"/>
<Contour name="d10SER" hidden="false" closed="true" simplified="true" border="0 1 0" fill="0 1 0" mode="-9"
 points="7.33856 0.450956,
	7.34157 0.438931,
	7.35359 0.429912,
	7.4017 0.417886,
	7.42575 0.408867,
	7.47385 0.411873,
	7.47986 0.405861,
	7.50391 0.41488,
	7.51594 0.417886,
	7.52195 0.417886,
	7.546 0.435924,
	7.56103 0.484026,
	7.56404 0.508077,
	7.56705 0.520103,
	7.56705 0.526116,
	7.57306 0.532128,
	7.57005 0.556179,
	7.56103 0.565198,
	7.53698 0.559186,
	7.51594 0.538141,
	7.49189 0.523109,
	7.44378 0.508077,
	7.39568 0.505071,
	7.37163 0.505071,
	7.34758 0.493045,
	7.33856 0.48102,
	7.33856 0.456969,
	7.33856 0.453963,
	"/>
<Contour name="d04SER" hidden="false" closed="true" simplified="true" border="0 1 0" fill="0 1 0" mode="-9"
 points="2.24788 3.2885,
	2.27509 3.2749,
	2.28869 3.2749,
	2.29209 3.2817,
	2.28869 3.29531,
	2.27509 3.30551,
	2.26148 3.30551,
	2.25468 3.30551,
	2.24788 3.29871,
	2.24788 3.2919,
	"/>
<Contour name="d04SER" hidden="false" closed="true" simplified="true" border="0 1 0" fill="0 1 0" mode="-9"
 points="1.3977 3.21709,
	1.42491 3.20009,
	1.43851 3.19328,
	1.44531 3.19668,
	1.44871 3.21029,
	1.44531 3.22389,
	1.43171 3.23409,
	1.4045 3.23069,
	1.3977 3.22389,
	1.3977 3.22049,
	"/>
<Contour name="d04SER" hidden="false" closed="true" simplified="true" border="0 1 0" fill="0 1 0" mode="-9"
 points="1.00662 3.66258,
	1.04062 3.61157,
	1.05423 3.58437,
	1.05763 3.57076,
	1.05763 3.56396,
	1.06443 3.55716,
	1.06443 3.55036,
	1.09163 3.53336,
	1.11884 3.54356,
	1.12904 3.55376,
	1.13584 3.55716,
	1.09844 3.60477,
	1.09503 3.61837,
	1.12224 3.62178,
	1.17665 3.61157,
	1.20386 3.61157,
	1.21746 3.61837,
	1.22426 3.62518,
	1.22426 3.63878,
	1.20046 3.66258,
	1.14605 3.68299,
	1.09163 3.68639,
	1.03722 3.67959,
	1.01002 3.67619,
	1.00662 3.66598,
	"/>
<Contour name="d04SER" hidden="false" closed="true" simplified="true" border="0 1 0" fill="0 1 0" mode="-9"
 points="1.42491 3.66258,
	1.47932 3.64558,
	1.50652 3.63878,
	1.52013 3.63878,
	1.54733 3.62518,
	1.55413 3.62518,
	1.56093 3.61837,
	1.58814 3.61497,
	1.59494 3.61497,
	1.60854 3.62858,
	1.61195 3.64218,
	1.59834 3.65578,
	1.59154 3.65578,
	1.57794 3.66598,
	1.56433 3.66939,
	1.55073 3.67959,
	1.52353 3.68639,
	1.46911 3.68299,
	1.44191 3.67619,
	1.42831 3.67279,
	1.42491 3.66598,
	"/>
<Contour name="d08exclude" hidden="false" closed="true" simplified="true" border="1 1 0" fill="1 0 0.5" mode="9"
 points="3.48046 5.36631,
	3.49717 5.3496,
	3.53059 5.32334,
	3.54492 5.31141,
	3.55447 5.30425,
	3.56401 5.30425,
	3.57356 5.29947,
	3.58311 5.29947,
	3.59266 5.29231,
	3.60221 5.28992,
	3.61176 5.2947,
	3.62131 5.30425,
	3.63086 5.30902,
	3.63563 5.3138,
	3.65473 5.32096,
	3.66428 5.33051,
	3.67144 5.3496,
	3.66905 5.3878,
	3.66428 5.39735,
	3.64518 5.41644,
	3.60698 5.42838,
	3.56879 5.42838,
	3.53059 5.41883,
	3.5115 5.41167,
	3.4924 5.39496,
	3.48524 5.38541,
	3.48046 5.38064,
	3.48046 5.37109,
	3.48046 5.3687,
	"/>
</Transform>

<Transform dim="6"
 xcoef=" 0.350138947789766 0.774001912071917 0.0943898545739725 0 0 0"
 ycoef=" -0.12088470940765 0.0782080599974858 1.245580198378 0 0 0">
<Image mag="0.00223486" contrast="1.248" brightness="-0.105" red="true" green="true" blue="true"
 src="XRZCT.201.jpg" />
<Contour name="domain1" hidden="false" closed="true" simplified="false" border="1 0 1" fill="1 0 1" mode="11"
 points="0 0,
	4083 0,
	4083 4083,
	0 4083,
	"/>
</Transform>

<Transform dim="1"
 xcoef=" 0 1 0 0 0 0"
 ycoef=" -0.01 0 1 0 0 0">
<Contour name="ax18" comment="LK bouton trace named after cfa" hidden="false" closed="true" simplified="true" border="0 1 1" fill="0.502 1 1" mode="11"
 points="5.30104 1.94224,
	5.31414 1.93242,
	5.34035 1.92095,
	5.3469 1.91768,
	5.36 1.91604,
	5.3731 1.91113,
	5.3993 1.90949,
	5.4124 1.90949,
	5.4255 1.90621,
	5.4386 1.90621,
	5.4517 1.90294,
	5.45498 1.90294,
	5.45826 1.89966,
	5.47136 1.89803,
	5.49756 1.8882,
	5.51066 1.88329,
	5.51721 1.87837,
	5.54341 1.8751,
	5.54996 1.8751,
	5.55324 1.8751,
	5.55979 1.88165,
	5.55815 1.90785,
	5.55488 1.92095,
	5.54669 1.93405,
	5.53522 1.94715,
	5.51885 1.97172,
	5.49756 1.99301,
	5.48773 2.00283,
	5.46153 2.02085,
	5.44843 2.0274,
	5.43533 2.02904,
	5.42878 2.03067,
	5.42386 2.02904,
	5.4255 2.0274,
	5.4124 2.0274,
	5.40585 2.0274,
	5.3993 2.02412,
	5.3731 2.02249,
	5.36655 2.02085,
	5.36327 2.02085,
	5.36 2.01757,
	5.3469 2.01266,
	5.33543 2.00447,
	5.32888 2.0012,
	5.31742 1.98973,
	5.31251 1.98646,
	5.30268 1.97336,
	5.30104 1.94715,
	5.30104 1.94388,
	"/>
</Transform>

<Transform dim="0"
 xcoef=" 0 1 0 0 0 0"
 ycoef=" 0 0 1 0 0 0">
<Contour name="ax29" comment="LK bouton trace named after cfa" hidden="false" closed="true" simplified="true" border="0 1 1" fill="0.502 1 1" mode="11"
 points="6.40176 5.13695,
	6.40398 5.12807,
	6.41397 5.1103,
	6.41953 5.10142,
	6.4273 5.09253,
	6.43174 5.08809,
	6.43729 5.07921,
	6.44618 5.07033,
	6.46394 5.057,
	6.46839 5.05256,
	6.50392 5.03812,
	6.52169 5.02813,
	6.53057 5.02369,
	6.53501 5.02147,
	6.57055 4.98593,
	6.58831 4.96816,
	6.5972 4.9615,
	6.61163 4.94373,
	6.61941 4.93485,
	6.63051 4.91708,
	6.63051 4.91486,
	6.63384 4.91042,
	6.63384 4.9082,
	6.6505 4.89043,
	6.65827 4.88155,
	6.67604 4.86711,
	6.68048 4.86267,
	6.68492 4.86156,
	6.6927 4.85268,
	6.70491 4.83491,
	6.71046 4.82603,
	6.71491 4.82158,
	6.72601 4.80382,
	6.73267 4.79493,
	6.74933 4.77717,
	6.7671 4.76273,
	6.77598 4.75496,
	6.78042 4.75274,
	6.79819 4.73719,
	6.80041 4.73275,
	6.80263 4.71498,
	6.80596 4.7061,
	6.81374 4.69721,
	6.84927 4.68056,
	6.86704 4.67278,
	6.87148 4.66945,
	6.88036 4.66834,
	6.89813 4.65946,
	6.90701 4.65391,
	6.91146 4.65057,
	6.92034 4.64724,
	6.93811 4.63725,
	6.97364 4.6217,
	7.00918 4.59949,
	7.01806 4.59394,
	7.0225 4.59172,
	7.04027 4.57395,
	7.05804 4.55952,
	7.06692 4.55285,
	7.07136 4.55063,
	7.0758 4.54619,
	7.08024 4.54508,
	7.08913 4.53731,
	7.1069 4.52954,
	7.12466 4.52398,
	7.1602 4.51732,
	7.17796 4.51621,
	7.24903 4.50288,
	7.2668 4.49955,
	7.28457 4.49955,
	7.3201 4.494,
	7.35564 4.49289,
	7.36008 4.49289,
	7.3623 4.49067,
	7.36674 4.48956,
	7.37118 4.48623,
	7.3734 4.48623,
	7.37562 4.48401,
	7.38007 4.4829,
	7.38229 4.48068,
	7.38673 4.47956,
	7.39117 4.47623,
	7.39561 4.47512,
	7.39672 4.4729,
	7.40561 4.46957,
	7.42337 4.45402,
	7.4578 4.41849,
	7.47557 4.40405,
	7.49333 4.38629,
	7.5 4.3774,
	7.50888 4.36852,
	7.52665 4.3563,
	7.56218 4.33632,
	7.57106 4.33299,
	7.58883 4.32965,
	7.59772 4.32965,
	7.60216 4.32965,
	7.61992 4.34076,
	7.6277 4.34964,
	7.63214 4.35853,
	7.63103 4.36741,
	7.62659 4.37629,
	7.59327 4.41183,
	7.5855 4.42071,
	7.56773 4.43404,
	7.55885 4.4407,
	7.54997 4.44403,
	7.5322 4.45513,
	7.52331 4.46069,
	7.51887 4.46402,
	7.51443 4.46513,
	7.49666 4.47845,
	7.4789 4.48845,
	7.47223 4.49733,
	7.46779 4.50622,
	7.45336 4.52398,
	7.42004 4.5573,
	7.41116 4.56285,
	7.40228 4.56618,
	7.39339 4.57173,
	7.37562 4.5784,
	7.35786 4.58728,
	7.28679 4.61282,
	7.26902 4.6217,
	7.26014 4.62614,
	7.2246 4.6528,
	7.22016 4.65502,
	7.20239 4.67278,
	7.19351 4.68056,
	7.18463 4.68611,
	7.14909 4.71387,
	7.11356 4.7383,
	7.07802 4.7594,
	7.06026 4.7705,
	7.04249 4.77939,
	7.03361 4.78272,
	7.02916 4.78605,
	7.0114 4.78716,
	6.97586 4.79826,
	6.95809 4.80493,
	6.94921 4.80937,
	6.93144 4.82492,
	6.92256 4.83269,
	6.90479 4.84157,
	6.89591 4.84601,
	6.87814 4.85823,
	6.86037 4.87266,
	6.82484 4.90487,
	6.80929 4.92264,
	6.80485 4.92708,
	6.7993 4.93596,
	6.79153 4.94484,
	6.78153 4.96261,
	6.77598 4.9715,
	6.76821 4.98038,
	6.73267 5.00148,
	6.71491 5.00814,
	6.67937 5.01702,
	6.6616 5.02702,
	6.65272 5.03257,
	6.64495 5.04145,
	6.64162 5.0459,
	6.63939 5.05478,
	6.6294 5.07255,
	6.61385 5.09031,
	6.60608 5.0992,
	6.60386 5.10364,
	6.60275 5.12141,
	6.60164 5.12585,
	6.60386 5.13473,
	6.61274 5.14362,
	6.64828 5.17138,
	6.66494 5.18692,
	6.66716 5.19136,
	6.66494 5.20025,
	6.66382 5.20469,
	6.65605 5.21135,
	6.65161 5.21468,
	6.63384 5.21802,
	6.59831 5.21357,
	6.58054 5.21135,
	6.57166 5.21135,
	6.53612 5.20247,
	6.51836 5.19803,
	6.48282 5.1947,
	6.44729 5.1947,
	6.4384 5.1947,
	6.42064 5.18692,
	6.41175 5.18248,
	6.4062 5.1736,
	6.40398 5.16916,
	6.40287 5.15139,
	6.40176 5.1425,
	6.40176 5.13806,
	"/>
</Transform>

<Transform dim="0"
 xcoef=" 0 1 0 0 0 0"
 ycoef=" 0 0 1 0 0 0">
<Contour name="ax11" comment="LK bouton trace named after cfa" hidden="false" closed="true" simplified="true" border="0 1 1" fill="0.502 1 1" mode="11"
 points="2.9064 3.18379,
	2.9098 3.17474,
	2.91546 3.16681,
	2.93357 3.15436,
	2.94263 3.1487,
	3.01509 3.11926,
	3.03321 3.10794,
	3.05132 3.09435,
	3.06038 3.08869,
	3.0785 3.07284,
	3.08756 3.06491,
	3.09208 3.06038,
	3.1102 3.05132,
	3.12832 3.04453,
	3.16455 3.03434,
	3.18266 3.02755,
	3.20078 3.02415,
	3.21889 3.01396,
	3.22795 3.0049,
	3.23701 2.99924,
	3.25512 2.98226,
	3.26418 2.9732,
	3.2789 2.95622,
	3.29702 2.94376,
	3.30607 2.93697,
	3.32419 2.92904,
	3.33325 2.92338,
	3.35136 2.91546,
	3.36042 2.90753,
	3.36948 2.90187,
	3.38533 2.88376,
	3.40571 2.84753,
	3.42382 2.83054,
	3.43288 2.82488,
	3.451 2.81016,
	3.48723 2.78752,
	3.49629 2.78072,
	3.53252 2.76374,
	3.56875 2.7411,
	3.58686 2.73091,
	3.59592 2.72525,
	3.60498 2.72185,
	3.60951 2.71958,
	3.61404 2.71958,
	3.62309 2.71619,
	3.69556 2.71619,
	3.71367 2.72185,
	3.71594 2.72185,
	3.72499 2.72751,
	3.73405 2.73091,
	3.75217 2.7411,
	3.76122 2.74676,
	3.76689 2.75582,
	3.76575 2.77393,
	3.76462 2.78299,
	3.76462 2.78525,
	3.70461 2.85772,
	3.69556 2.86564,
	3.67065 2.90187,
	3.66385 2.91093,
	3.64687 2.92678,
	3.63215 2.9449,
	3.59705 2.98113,
	3.588 2.98905,
	3.56988 2.99924,
	3.55176 3.00604,
	3.4793 3.00943,
	3.44307 3.00943,
	3.42496 3.01056,
	3.38873 3.01849,
	3.37061 3.02302,
	3.35249 3.02981,
	3.34797 3.03208,
	3.32985 3.03547,
	3.29362 3.0468,
	3.2755 3.05359,
	3.25739 3.06378,
	3.24833 3.06944,
	3.24154 3.0785,
	3.23248 3.08642,
	3.22342 3.09208,
	3.21889 3.09661,
	3.20078 3.10227,
	3.16455 3.12039,
	3.15549 3.12492,
	3.14643 3.13171,
	3.1419 3.13284,
	3.13284 3.13851,
	3.11473 3.14303,
	3.09661 3.15096,
	3.07963 3.16115,
	3.0751 3.16228,
	3.07057 3.16568,
	3.06604 3.16568,
	3.04793 3.17587,
	3.03887 3.18153,
	3.02981 3.18493,
	3.0117 3.19625,
	2.97547 3.2087,
	2.95735 3.2121,
	2.92112 3.21323,
	2.91206 3.20757,
	2.90753 3.20304,
	2.9064 3.18493,
	"/>
</Transform>

<Transform dim="0"
 xcoef=" 0 1 0 0 0 0"
 ycoef=" 0 0 1 0 0 0">
<Contour name="ax12" comment="LK bouton trace named after cfa" hidden="false" closed="true" simplified="true" border="0 1 1" fill="0.502 1 1" mode="11"
 points="6.91607 4.2835,
	6.93494 4.25604,
	6.9624 4.23201,
	6.98986 4.21657,
	7.01732 4.20627,
	7.03105 4.20112,
	7.03791 4.19941,
	7.06537 4.17538,
	7.11857 4.12046,
	7.13058 4.10674,
	7.16491 4.05182,
	7.17177 4.04495,
	7.17177 4.03809,
	7.1752 4.03123,
	7.19751 3.92139,
	7.21296 3.86648,
	7.22154 3.83902,
	7.23355 3.81156,
	7.249 3.7841,
	7.25415 3.77037,
	7.27474 3.74291,
	7.28847 3.73262,
	7.31593 3.71889,
	7.32279 3.71374,
	7.37771 3.70173,
	7.43262 3.70173,
	7.46008 3.71031,
	7.48754 3.72232,
	7.49441 3.72747,
	7.52186 3.73605,
	7.53559 3.73948,
	7.54932 3.74806,
	7.55619 3.75321,
	7.56477 3.78067,
	7.56477 3.80813,
	7.5682 3.83558,
	7.5682 3.86304,
	7.56305 3.87677,
	7.55962 3.88364,
	7.53559 3.91109,
	7.50814 3.93169,
	7.48068 3.95571,
	7.46008 3.98317,
	7.44807 4.01063,
	7.43949 4.06555,
	7.43434 4.07928,
	7.43091 4.08614,
	7.42919 4.1136,
	7.42404 4.14106,
	7.42233 4.15479,
	7.4086 4.18225,
	7.40517 4.18911,
	7.39144 4.20284,
	7.36398 4.22343,
	7.33652 4.23716,
	7.22669 4.27663,
	7.17177 4.30238,
	7.14431 4.31611,
	7.13745 4.31954,
	7.10999 4.34356,
	7.08253 4.36416,
	7.05507 4.3796,
	7.04134 4.38647,
	7.02761 4.38818,
	7.02075 4.39162,
	7.00702 4.39333,
	6.97956 4.3899,
	6.96583 4.38132,
	6.9521 4.36931,
	6.93323 4.34185,
	6.91607 4.28693,
	6.91607 4.28521,
	"/>
</Transform>

<Transform dim="0"
 xcoef=" 0 1 0 0 0 0"
 ycoef=" 0 0 1 0 0 0">
<Contour name="ax12" comment="LK bouton trace named after cfa" hidden="false" closed="true" simplified="true" border="0 1 1" fill="0.502 1 1" mode="11"
 points="5.36776 5.69286,
	5.37584 5.67849,
	5.40458 5.65065,
	5.42614 5.62191,
	5.43691 5.60755,
	5.4405 5.60395,
	5.4441 5.59677,
	5.47283 5.56803,
	5.50157 5.54558,
	5.55905 5.50696,
	5.58779 5.4872,
	5.60216 5.47463,
	5.60575 5.47194,
	5.61293 5.46924,
	5.62012 5.46475,
	5.64886 5.45577,
	5.66323 5.45308,
	5.67041 5.45218,
	5.674 5.45128,
	5.73148 5.40997,
	5.76022 5.39201,
	5.7674 5.38662,
	5.79614 5.37854,
	5.82488 5.37225,
	5.85362 5.36327,
	5.86799 5.35519,
	5.89672 5.33453,
	5.92187 5.30579,
	5.93444 5.29142,
	5.93893 5.28424,
	5.96677 5.25909,
	5.98114 5.25011,
	5.98833 5.24473,
	5.99551 5.23754,
	5.9991 5.23754,
	6.01347 5.22587,
	6.01706 5.22317,
	6.02066 5.22227,
	6.0494 5.19803,
	6.09789 5.14055,
	6.12663 5.11361,
	6.18411 5.07589,
	6.21284 5.05882,
	6.24158 5.04625,
	6.25595 5.03997,
	6.27032 5.03637,
	6.29906 5.0247,
	6.31343 5.02021,
	6.32061 5.01751,
	6.33498 5.00853,
	6.36372 4.98608,
	6.37809 4.97441,
	6.39246 4.96453,
	6.39605 4.96094,
	6.42479 4.94387,
	6.43557 4.9295,
	6.44095 4.92232,
	6.45532 4.90975,
	6.46969 4.89897,
	6.47688 4.89268,
	6.49035 4.8864,
	6.49753 4.8837,
	6.52627 4.87921,
	6.55501 4.87921,
	6.56938 4.88101,
	6.58375 4.8855,
	6.58734 4.88819,
	6.58824 4.90256,
	6.58824 4.90975,
	6.58824 4.91334,
	6.58015 4.92771,
	6.5568 4.95645,
	6.54513 4.97081,
	6.53705 4.98518,
	6.53615 4.99955,
	6.52896 5.01392,
	6.51909 5.02829,
	6.50741 5.04266,
	6.47867 5.06511,
	6.4643 5.07499,
	6.45712 5.08128,
	6.45083 5.08577,
	6.44365 5.10014,
	6.41581 5.12798,
	6.35833 5.14773,
	6.35115 5.15312,
	6.33678 5.15851,
	6.33049 5.163,
	6.3242 5.17019,
	6.31702 5.17557,
	6.30445 5.18905,
	6.24697 5.23125,
	6.2326 5.24023,
	6.22901 5.24113,
	6.22721 5.24113,
	6.19848 5.26448,
	6.141 5.29592,
	6.13381 5.3013,
	6.11944 5.30669,
	6.09071 5.32286,
	6.08352 5.32914,
	6.07993 5.33274,
	6.07275 5.33633,
	6.04401 5.36147,
	6.01527 5.38393,
	5.98653 5.40907,
	5.95959 5.43781,
	5.94791 5.45218,
	5.89044 5.50157,
	5.87607 5.51415,
	5.84733 5.53301,
	5.83296 5.53929,
	5.82578 5.54378,
	5.81859 5.54378,
	5.80422 5.55097,
	5.78985 5.55456,
	5.77548 5.56174,
	5.76112 5.56713,
	5.74675 5.57521,
	5.73238 5.5815,
	5.71801 5.59228,
	5.71082 5.59587,
	5.69645 5.60844,
	5.63898 5.64257,
	5.61024 5.65963,
	5.5824 5.68837,
	5.55366 5.70364,
	5.53929 5.70993,
	5.52492 5.71891,
	5.51055 5.7234,
	5.49618 5.72968,
	5.46745 5.73777,
	5.43871 5.74046,
	5.42434 5.74226,
	5.3956 5.73597,
	5.39201 5.73507,
	5.37764 5.7234,
	5.37495 5.7198,
	5.37315 5.71801,
	5.37315 5.71442,
	5.36776 5.70723,
	5.36776 5.69376,
	"/>
</Transform>

<Transform dim="0"
 xcoef=" 0 1 0 0 0 0"
 ycoef=" 0 0 1 0 0 0">
<Contour name="ax17" comment="LK bouton trace named after cfa" hidden="false" closed="true" simplified="true" border="0 1 1" fill="0.502 1 1" mode="11"
 points="3.79207 2.98689,
	3.79473 2.96563,
	3.80137 2.94437,
	3.80668 2.93374,
	3.82794 2.91381,
	3.83857 2.90451,
	3.85983 2.89122,
	3.87046 2.88325,
	3.87578 2.87926,
	3.88242 2.86996,
	3.90368 2.85535,
	3.92494 2.84339,
	3.9462 2.82877,
	3.98871 2.80618,
	4.00997 2.79555,
	4.05249 2.75968,
	4.09235 2.71982,
	4.13354 2.68395,
	4.1548 2.668,
	4.19732 2.64541,
	4.28235 2.60688,
	4.30361 2.59625,
	4.31424 2.59227,
	4.31956 2.59227,
	4.36208 2.57234,
	4.38333 2.56303,
	4.40459 2.55772,
	4.42585 2.54842,
	4.51089 2.53115,
	4.53215 2.52982,
	4.54278 2.52849,
	4.56404 2.52982,
	4.58529 2.5338,
	4.62781 2.53646,
	4.71285 2.55241,
	4.75537 2.55639,
	4.8404 2.55506,
	4.86166 2.55506,
	4.87229 2.55373,
	4.89355 2.55506,
	4.91481 2.55373,
	4.95733 2.55639,
	4.97859 2.55905,
	4.99984 2.55506,
	5.01047 2.55373,
	5.03173 2.55506,
	5.07425 2.55108,
	5.24432 2.54709,
	5.26558 2.54576,
	5.28684 2.54709,
	5.32936 2.5431,
	5.37188 2.54178,
	5.39314 2.54178,
	5.41439 2.53779,
	5.43565 2.53779,
	5.45691 2.5338,
	5.49943 2.5338,
	5.51006 2.5338,
	5.53132 2.54178,
	5.54195 2.55108,
	5.54726 2.56171,
	5.54859 2.57234,
	5.54726 2.58297,
	5.53796 2.60422,
	5.51803 2.62415,
	5.49677 2.63478,
	5.48614 2.64276,
	5.47551 2.64674,
	5.4702 2.6494,
	5.42768 2.65339,
	5.34265 2.6494,
	5.25761 2.64807,
	5.23635 2.64541,
	5.23104 2.64408,
	5.22041 2.64541,
	5.20978 2.64276,
	5.19915 2.64541,
	5.11411 2.6494,
	5.07159 2.65339,
	5.02908 2.66003,
	5.00782 2.67199,
	4.9653 2.68129,
	4.94404 2.68262,
	4.93341 2.68527,
	4.91215 2.69856,
	4.89089 2.70919,
	4.84837 2.72381,
	4.82712 2.73311,
	4.80586 2.73444,
	4.79523 2.73576,
	4.78991 2.73709,
	4.74872 2.77961,
	4.73809 2.78625,
	4.72746 2.79555,
	4.68495 2.81947,
	4.66369 2.8301,
	4.65306 2.83807,
	4.64774 2.84073,
	4.63711 2.85003,
	4.62914 2.86066,
	4.62515 2.86598,
	4.62383 2.87129,
	4.61585 2.88192,
	4.61054 2.89255,
	4.59592 2.91381,
	4.58662 2.92311,
	4.56536 2.9364,
	4.52285 2.95765,
	4.48033 2.9922,
	4.4697 2.99884,
	4.45508 3.0201,
	4.44445 3.06262,
	4.4418 3.07325,
	4.44312 3.09451,
	4.4418 3.10514,
	4.4418 3.11045,
	4.43648 3.12108,
	4.42585 3.13171,
	4.40459 3.14633,
	4.39396 3.15297,
	4.38333 3.15696,
	4.3727 3.1636,
	4.35145 3.17024,
	4.30893 3.1729,
	4.26641 3.17024,
	4.24515 3.16892,
	4.22389 3.17024,
	4.18137 3.16626,
	4.16011 3.16094,
	4.07508 3.14899,
	3.99004 3.13171,
	3.96878 3.12773,
	3.95815 3.12507,
	3.95284 3.12374,
	3.94753 3.11975,
	3.92627 3.11311,
	3.90501 3.10115,
	3.88375 3.08521,
	3.87312 3.07724,
	3.85186 3.06661,
	3.8306 3.04933,
	3.81997 3.04269,
	3.80004 3.02409,
	3.79473 3.01877,
	3.79207 2.99751,
	3.79207 2.98821,
	"/>
</Transform>

<Transform dim="0"
 xcoef=" 0 1 0 0 0 0"
 ycoef=" 0 0 1 0 0 0">
<Contour name="d02c45ax17_ssvr" comment="LK bouton trace named after cfa" hidden="false" closed="true" simplified="false" border="0 1 0.251" fill="0 1 0.251" mode="11"
 points="4.09383 3.10513,
	4.0861 3.09739,
	4.09383 3.08966,
	4.10157 3.09739,
	"/>
<Contour name="d02c45ax17_ssvr" comment="LK bouton trace named after cfa" hidden="false" closed="true" simplified="false" border="0 1 0.251" fill="0 1 0.251" mode="11"
 points="4.05848 3.06203,
	4.05074 3.0543,
	4.05848 3.04656,
	4.06621 3.0543,
	"/>
<Contour name="d02c45ax17_ssvr" comment="LK bouton trace named after cfa" hidden="false" closed="true" simplified="false" border="0 1 0.251" fill="0 1 0.251" mode="11"
 points="4.04632 3.0101,
	4.03859 3.00237,
	4.04632 2.99463,
	4.05406 3.00237,
	"/>
<Contour name="d02c45ax17_ssvr" comment="LK bouton trace named after cfa" hidden="false" closed="true" simplified="false" border="0 1 0.251" fill="0 1 0.251" mode="11"
 points="4.10709 2.98248,
	4.09936 2.97474,
	4.10709 2.96701,
	4.11483 2.97474,
	"/>
<Contour name="d02c45ax17_ssvr" comment="LK bouton trace named after cfa" hidden="false" closed="true" simplified="false" border="0 1 0.251" fill="0 1 0.251" mode="11"
 points="4.11262 2.93938,
	4.10488 2.93165,
	4.11262 2.92391,
	4.12035 2.93165,
	"/>
<Contour name="d02c45ax17_ssvr" comment="LK bouton trace named after cfa" hidden="false" closed="true" simplified="false" border="0 1 0.251" fill="0 1 0.251" mode="11"
 points="4.15903 3.00789,
	4.15129 3.00016,
	4.15903 2.99242,
	4.16676 3.00016,
	"/>
<Contour name="d02c45ax17_ssvr" comment="LK bouton trace named after cfa" hidden="false" closed="true" simplified="false" border="0 1 0.251" fill="0 1 0.251" mode="11"
 points="4.18113 3.10623,
	4.17339 3.0985,
	4.18113 3.09076,
	4.18886 3.0985,
	"/>
<Contour name="d02c45ax17_ssvr" comment="LK bouton trace named after cfa" hidden="false" closed="true" simplified="false" border="0 1 0.251" fill="0 1 0.251" mode="11"
 points="4.21869 3.05098,
	4.21096 3.04325,
	4.21869 3.03552,
	4.22643 3.04325,
	"/>
<Contour name="d02c45ax17_ssvr" comment="LK bouton trace named after cfa" hidden="false" closed="true" simplified="false" border="0 1 0.251" fill="0 1 0.251" mode="11"
 points="4.25074 3.07971,
	4.243 3.07198,
	4.25074 3.06424,
	4.25847 3.07198,
	"/>
<Contour name="d02c45ax17_ssvr" comment="LK bouton trace named after cfa" hidden="false" closed="true" simplified="false" border="0 1 0.251" fill="0 1 0.251" mode="11"
 points="4.30267 3.06203,
	4.29494 3.0543,
	4.30267 3.04656,
	4.3104 3.0543,
	"/>
<Contour name="d02c45ax17_ssvr" comment="LK bouton trace named after cfa" hidden="false" closed="true" simplified="false" border="0 1 0.251" fill="0 1 0.251" mode="11"
 points="4.27173 3.1217,
	4.264 3.11397,
	4.27173 3.10623,
	4.27947 3.11397,
	"/>
<Contour name="d02c45ax17_ssvr" comment="LK bouton trace named after cfa" hidden="false" closed="true" simplified="false" border="0 1 0.251" fill="0 1 0.251" mode="11"
 points="4.29273 3.01673,
	4.28499 3.009,
	4.29273 3.00126,
	4.30046 3.009,
	"/>
<Contour name="d02c45ax17_ssvr" comment="LK bouton trace named after cfa" hidden="false" closed="true" simplified="false" border="0 1 0.251" fill="0 1 0.251" mode="11"
 points="4.27173 2.97585,
	4.264 2.96811,
	4.27173 2.96038,
	4.27947 2.96811,
	"/>
<Contour name="d02c45ax17_ssvr" comment="LK bouton trace named after cfa" hidden="false" closed="true" simplified="false" border="0 1 0.251" fill="0 1 0.251" mode="11"
 points="4.23085 2.99353,
	4.22311 2.98579,
	4.23085 2.97806,
	4.23858 2.98579,
	"/>
<Contour name="d02c45ax17_ssvr" comment="LK bouton trace named after cfa" hidden="false" closed="true" simplified="false" border="0 1 0.251" fill="0 1 0.251" mode="11"
 points="4.25847 2.94712,
	4.25074 2.93938,
	4.25847 2.93165,
	4.26621 2.93938,
	"/>
<Contour name="d02c45ax17_ssvr" comment="LK bouton trace named after cfa" hidden="false" closed="true" simplified="false" border="0 1 0.251" fill="0 1 0.251" mode="11"
 points="4.18665 2.92723,
	4.17892 2.9195,
	4.18665 2.91176,
	4.19438 2.9195,
	"/>
<Contour name="d02c45ax17_ssvr" comment="LK bouton trace named after cfa" hidden="false" closed="true" simplified="false" border="0 1 0.251" fill="0 1 0.251" mode="11"
 points="4.18444 2.88966,
	4.17671 2.88193,
	4.18444 2.87419,
	4.19218 2.88193,
	"/>
<Contour name="d02c45ax17_ssvr" comment="LK bouton trace named after cfa" hidden="false" closed="true" simplified="false" border="0 1 0.251" fill="0 1 0.251" mode="11"
 points="4.18223 2.84767,
	4.1745 2.83994,
	4.18223 2.8322,
	4.18997 2.83994,
	"/>
<Contour name="d02c45ax17_ssvr" comment="LK bouton trace named after cfa" hidden="false" closed="true" simplified="false" border="0 1 0.251" fill="0 1 0.251" mode="11"
 points="4.13361 2.83662,
	4.12588 2.82889,
	4.13361 2.82115,
	4.14135 2.82889,
	"/>
<Contour name="d02c45ax17_ssvr" comment="LK bouton trace named after cfa" hidden="false" closed="true" simplified="false" border="0 1 0.251" fill="0 1 0.251" mode="11"
 points="4.07395 2.85983,
	4.06621 2.85209,
	4.07395 2.84436,
	4.08168 2.85209,
	"/>
<Contour name="d02c45ax17_ssvr" comment="LK bouton trace named after cfa" hidden="false" closed="true" simplified="false" border="0 1 0.251" fill="0 1 0.251" mode="11"
 points="4.02643 2.94933,
	4.0187 2.94159,
	4.02643 2.93386,
	4.03417 2.94159,
	"/>
<Contour name="d02c45ax17_ssvr" comment="LK bouton trace named after cfa" hidden="false" closed="true" simplified="false" border="0 1 0.251" fill="0 1 0.251" mode="11"
 points="4.34355 2.98469,
	4.33582 2.97695,
	4.34355 2.96922,
	4.35129 2.97695,
	"/>
<Contour name="d02c45ax17_ssvr" comment="LK bouton trace named after cfa" hidden="false" closed="true" simplified="false" border="0 1 0.251" fill="0 1 0.251" mode="11"
 points="4.3988 3.01121,
	4.39107 3.00347,
	4.3988 2.99574,
	4.40654 3.00347,
	"/>
<Contour name="d02c45ax17_ssvr" comment="LK bouton trace named after cfa" hidden="false" closed="true" simplified="false" border="0 1 0.251" fill="0 1 0.251" mode="11"
 points="4.31372 2.92391,
	4.30599 2.91618,
	4.31372 2.90845,
	4.32145 2.91618,
	"/>
<Contour name="d02c45ax17_ssvr" comment="LK bouton trace named after cfa" hidden="false" closed="true" simplified="false" border="0 1 0.251" fill="0 1 0.251" mode="11"
 points="4.34576 2.94822,
	4.33803 2.94049,
	4.34576 2.93275,
	4.3535 2.94049,
	"/>
<Contour name="d02c45ax17_ssvr" comment="LK bouton trace named after cfa" hidden="false" closed="true" simplified="false" border="0 1 0.251" fill="0 1 0.251" mode="11"
 points="4.40764 2.93054,
	4.39991 2.92281,
	4.40764 2.91508,
	4.41538 2.92281,
	"/>
<Contour name="d02c45ax17_ssvr" comment="LK bouton trace named after cfa" hidden="false" closed="true" simplified="false" border="0 1 0.251" fill="0 1 0.251" mode="11"
 points="4.38996 2.90292,
	4.38223 2.89519,
	4.38996 2.88745,
	4.3977 2.89519,
	"/>
<Contour name="d02c45ax17_ssvr" comment="LK bouton trace named after cfa" hidden="false" closed="true" simplified="false" border="0 1 0.251" fill="0 1 0.251" mode="11"
 points="4.35681 2.87198,
	4.34908 2.86425,
	4.35681 2.85651,
	4.36455 2.86425,
	"/>
<Contour name="d02c45ax17_ssvr" comment="LK bouton trace named after cfa" hidden="false" closed="true" simplified="false" border="0 1 0.251" fill="0 1 0.251" mode="11"
 points="4.29494 2.89519,
	4.2872 2.88745,
	4.29494 2.87972,
	4.30267 2.88745,
	"/>
<Contour name="d02c45ax17_ssvr" comment="LK bouton trace named after cfa" hidden="false" closed="true" simplified="false" border="0 1 0.251" fill="0 1 0.251" mode="11"
 points="4.27836 2.85762,
	4.27063 2.84988,
	4.27836 2.84215,
	4.2861 2.84988,
	"/>
<Contour name="d02c45ax17_ssvr" comment="LK bouton trace named after cfa" hidden="false" closed="true" simplified="false" border="0 1 0.251" fill="0 1 0.251" mode="11"
 points="4.34466 2.80789,
	4.33692 2.80016,
	4.34466 2.79243,
	4.35239 2.80016,
	"/>
<Contour name="d02c45ax17_ssvr" comment="LK bouton trace named after cfa" hidden="false" closed="true" simplified="false" border="0 1 0.251" fill="0 1 0.251" mode="11"
 points="4.39217 2.82005,
	4.38444 2.81231,
	4.39217 2.80458,
	4.39991 2.81231,
	"/>
<Contour name="d02c45ax17_ssvr" comment="LK bouton trace named after cfa" hidden="false" closed="true" simplified="false" border="0 1 0.251" fill="0 1 0.251" mode="11"
 points="4.43637 2.87198,
	4.42863 2.86425,
	4.43637 2.85651,
	4.4441 2.86425,
	"/>
<Contour name="d02c45ax17_ssvr" comment="LK bouton trace named after cfa" hidden="false" closed="true" simplified="false" border="0 1 0.251" fill="0 1 0.251" mode="11"
 points="4.46178 2.82557,
	4.45405 2.81784,
	4.46178 2.8101,
	4.46952 2.81784,
	"/>
<Contour name="d02c45ax17_ssvr" comment="LK bouton trace named after cfa" hidden="false" closed="true" simplified="false" border="0 1 0.251" fill="0 1 0.251" mode="11"
 points="4.44521 2.75265,
	4.43747 2.74491,
	4.44521 2.73718,
	4.45294 2.74491,
	"/>
<Contour name="d02c45ax17_ssvr" comment="LK bouton trace named after cfa" hidden="false" closed="true" simplified="false" border="0 1 0.251" fill="0 1 0.251" mode="11"
 points="4.46289 2.94601,
	4.45515 2.93828,
	4.46289 2.93054,
	4.47062 2.93828,
	"/>
<Contour name="d02c45ax17_ssvr" comment="LK bouton trace named after cfa" hidden="false" closed="true" simplified="false" border="0 1 0.251" fill="0 1 0.251" mode="11"
 points="4.49825 2.7869,
	4.49051 2.77917,
	4.49825 2.77143,
	4.50598 2.77917,
	"/>
<Contour name="d02c45ax17_ssvr" comment="LK bouton trace named after cfa" hidden="false" closed="true" simplified="false" border="0 1 0.251" fill="0 1 0.251" mode="11"
 points="4.55239 2.80237,
	4.54465 2.79464,
	4.55239 2.7869,
	4.56012 2.79464,
	"/>
<Contour name="d02c45ax17_ssvr" comment="LK bouton trace named after cfa" hidden="false" closed="true" simplified="false" border="0 1 0.251" fill="0 1 0.251" mode="11"
 points="4.58443 2.82668,
	4.5767 2.81894,
	4.58443 2.81121,
	4.59217 2.81894,
	"/>
<Contour name="d02c45ax17_ssvr" comment="LK bouton trace named after cfa" hidden="false" closed="true" simplified="false" border="0 1 0.251" fill="0 1 0.251" mode="11"
 points="4.64521 2.80127,
	4.63747 2.79353,
	4.64521 2.7858,
	4.65294 2.79353,
	"/>
<Contour name="d02c45ax17_ssvr" comment="LK bouton trace named after cfa" hidden="false" closed="true" simplified="false" border="0 1 0.251" fill="0 1 0.251" mode="11"
 points="4.50377 2.70845,
	4.49604 2.70071,
	4.50377 2.69298,
	4.51151 2.70071,
	"/>
<Contour name="d02c45ax17_ssvr" comment="LK bouton trace named after cfa" hidden="false" closed="true" simplified="false" border="0 1 0.251" fill="0 1 0.251" mode="11"
 points="4.55681 2.67309,
	4.54907 2.66536,
	4.55681 2.65762,
	4.56454 2.66536,
	"/>
<Contour name="d02c45ax17_ssvr" comment="LK bouton trace named after cfa" hidden="false" closed="true" simplified="false" border="0 1 0.251" fill="0 1 0.251" mode="11"
 points="4.56344 2.71508,
	4.5557 2.70734,
	4.56344 2.69961,
	4.57117 2.70734,
	"/>
<Contour name="d02c45ax17_ssvr" comment="LK bouton trace named after cfa" hidden="false" closed="true" simplified="false" border="0 1 0.251" fill="0 1 0.251" mode="11"
 points="4.61316 2.68746,
	4.60543 2.67972,
	4.61316 2.67199,
	4.6209 2.67972,
	"/>
<Contour name="d02c45ax17_ssvr" comment="LK bouton trace named after cfa" hidden="false" closed="true" simplified="false" border="0 1 0.251" fill="0 1 0.251" mode="11"
 points="4.63637 2.70845,
	4.62863 2.70071,
	4.63637 2.69298,
	4.6441 2.70071,
	"/>
<Contour name="d02c45ax17_ssvr" comment="LK bouton trace named after cfa" hidden="false" closed="true" simplified="false" border="0 1 0.251" fill="0 1 0.251" mode="11"
 points="4.70156 2.76812,
	4.69382 2.76038,
	4.70156 2.75265,
	4.70929 2.76038,
	"/>
<Contour name="d02c45ax17_ssvr" comment="LK bouton trace named after cfa" hidden="false" closed="true" simplified="false" border="0 1 0.251" fill="0 1 0.251" mode="11"
 points="4.70377 2.72944,
	4.69603 2.72171,
	4.70377 2.71397,
	4.7115 2.72171,
	"/>
<Contour name="d02c45ax17_ssvr" comment="LK bouton trace named after cfa" hidden="false" closed="true" simplified="false" border="0 1 0.251" fill="0 1 0.251" mode="11"
 points="4.69603 2.69187,
	4.6883 2.68414,
	4.69603 2.67641,
	4.70377 2.68414,
	"/>
<Contour name="d02c45ax17_ssvr" comment="LK bouton trace named after cfa" hidden="false" closed="true" simplified="false" border="0 1 0.251" fill="0 1 0.251" mode="11"
 points="4.73581 2.65762,
	4.72808 2.64989,
	4.73581 2.64215,
	4.74355 2.64989,
	"/>
<Contour name="d02c45ax17_ssvr" comment="LK bouton trace named after cfa" hidden="false" closed="true" simplified="false" border="0 1 0.251" fill="0 1 0.251" mode="11"
 points="4.78222 2.7195,
	4.77448 2.71176,
	4.78222 2.70403,
	4.78995 2.71176,
	"/>
<Contour name="d02c45ax17_ssvr" comment="LK bouton trace named after cfa" hidden="false" closed="true" simplified="false" border="0 1 0.251" fill="0 1 0.251" mode="11"
 points="4.60543 2.61895,
	4.59769 2.61121,
	4.60543 2.60348,
	4.61316 2.61121,
	"/>
<Contour name="d02c45ax17_ssvr" comment="LK bouton trace named after cfa" hidden="false" closed="true" simplified="false" border="0 1 0.251" fill="0 1 0.251" mode="11"
 points="4.57449 2.60458,
	4.56675 2.59685,
	4.57449 2.58911,
	4.58222 2.59685,
	"/>
<Contour name="d02c45ax17_ssvr" comment="LK bouton trace named after cfa" hidden="false" closed="true" simplified="false" border="0 1 0.251" fill="0 1 0.251" mode="11"
 points="4.78443 2.65873,
	4.77669 2.65099,
	4.78443 2.64326,
	4.79216 2.65099,
	"/>
</Transform>

<Transform dim="1"
 xcoef=" 0 1 0 0 0 0"
 ycoef=" -0.01 0 1 0 0 0">
<Contour name="d02c45ax17_ssvr" comment="LK bouton trace named after cfa" hidden="false" closed="true" simplified="false" border="0 1 0.251" fill="0 1 0.251" mode="11"
 points="4.56012 2.74602,
	4.55239 2.73828,
	4.56012 2.73055,
	4.56786 2.73828,
	"/>
</Transform>

<Transform dim="0"
 xcoef=" 0 1 0 0 0 0"
 ycoef=" 0 0 1 0 0 0">
<Contour name="PSDax_d02c45" hidden="false" closed="true" simplified="true" border="1 0 0" fill="0 1 0" mode="9"
 points="3.76708 2.89117,
	3.95759 2.78996,
	3.95982 2.78847,
	4.00596 2.8361,
	4.01713 2.84801,
	4.01787 2.84875,
	3.92262 2.91871,
	3.8988 2.93582,
	3.88764 2.94475,
	3.86382 2.99238,
	3.85787 3.00429,
	3.85489 3.01024,
	3.85266 3.01247,
	3.80503 3.02959,
	3.78122 3.03852,
	3.77527 3.04075,
	3.77378 3.0415,
	3.77229 3.04075,
	3.76931 2.9455,
	3.76708 2.89787,
	3.76708 2.89191,
	"/>
</Transform>

<Transform dim="0"
 xcoef=" 0 1 0 0 0 0"
 ycoef=" 0 0 1 0 0 0">
<Contour name="PSDax_d02c45" hidden="false" closed="true" simplified="true" border="1 0 0" fill="0 1 0" mode="9"
 points="3.89179 2.96503,
	3.89936 2.9408,
	3.90542 2.92868,
	3.90996 2.92263,
	3.93419 2.90748,
	3.9463 2.90143,
	3.95842 2.8984,
	3.98265 2.8878,
	3.99325 2.88023,
	3.9993 2.86811,
	3.9993 2.856,
	4.00536 2.83177,
	4.01899 2.80754,
	4.06593 2.76362,
	4.09016 2.74697,
	4.11439 2.74242,
	4.13862 2.74091,
	4.15074 2.74242,
	4.15679 2.74394,
	4.17648 2.76817,
	4.18102 2.77422,
	4.18405 2.79845,
	4.18556 2.81057,
	4.17799 2.8348,
	4.15528 2.85448,
	4.13105 2.86357,
	4.11894 2.8666,
	4.09471 2.88023,
	4.07199 2.89688,
	4.06291 2.909,
	4.05836 2.91506,
	4.05836 2.92111,
	4.06442 2.93323,
	4.07653 2.94534,
	4.08259 2.95746,
	4.08562 2.96351,
	4.08259 2.98774,
	4.07351 2.99986,
	4.04928 3.01197,
	4.00082 3.0256,
	3.97659 3.03166,
	3.95236 3.03317,
	3.94025 3.03166,
	3.91602 3.02257,
	3.9039 3.01803,
	3.89633 3.00743,
	3.89179 2.9832,
	3.89179 2.97108,
	3.89179 2.96654,
	"/>
</Transform>

</Section>